0 0 1806 0.000000 0 0.000000 0.000000 1615819363497 true
0 0 1796 0.000000 0 0.000000 0.000000 1615819363501 true
0 0 1795 0.000000 0 0.000000 0.000000 1615819363503 true
0 0 1793 0.000000 0 0.000000 0.000000 1615819363506 true
0 0 1792 0.000000 0 0.000000 0.000000 1615819363506 true
0 0 1791 0.000000 0 0.000000 0.000000 1615819363507 true
0 0 1793 0.000000 0 0.000000 0.000000 1615819363507 true
0 0 1795 0.000000 0 0.000000 0.000000 1615819363944 true
0 0 1795 0.000000 0 0.000000 0.000000 1615819363947 true
0 0 1781 0.000000 0 0.000000 0.000000 1615819363949 true
0 0 1820 0.000000 0 0.000000 0.000000 1615819363951 true
0 0 1824 0.000000 0 0.000000 0.000000 1615819363953 true
0 0 1827 0.000000 0 0.000000 0.000000 1615819363955 true
0 0 1831 0.000000 0 0.000000 0.000000 1615819363956 true
0 141 1831 0.000000 0 0.000000 0.000000 1615819364943 false
0 141 1836 0.000000 0 0.000000 0.000000 1615819364947 true
0 141 1844 0.000000 0 0.000000 0.000000 1615819364949 true
0 141 1848 0.000000 0 0.000000 0.000000 1615819364951 true
0 141 1853 0.000000 0 0.000000 0.000000 1615819364953 true
0 141 1864 0.000000 0 0.000000 0.000000 1615819364955 true
0 141 1873 0.000000 0 0.000000 0.000000 1615819364957 true
0 141 1922 0.000000 0 0.000000 0.000000 1615819364957 true
0 141 1918 0.000000 0 0.000000 0.000000 1615819365346 true
0 141 1912 0.000000 0 0.000000 0.000000 1615819365349 true
0 141 1903 0.000000 0 0.000000 0.000000 1615819365351 true
0 141 1866 0.000000 0 0.000000 0.000000 1615819365353 true
0 141 1902 0.000000 0 0.000000 0.000000 1615819365355 true
0 141 1919 0.000000 0 0.000000 0.000000 1615819365356 true
0 141 1920 0.000000 0 0.000000 0.000000 1615819365357 true
0 141 1924 0.000000 0 0.000000 0.000000 1615819366041 true
0 141 1917 0.000000 0 0.000000 0.000000 1615819366043 true
0 141 1920 0.000000 0 0.000000 0.000000 1615819366044 true
0 141 1922 0.000000 0 0.000000 0.000000 1615819366045 true
0 141 1921 0.000000 0 0.000000 0.000000 1615819366046 true
0 141 1916 0.000000 0 0.000000 0.000000 1615819366047 true
0 141 1909 0.000000 0 0.000000 0.000000 1615819366048 true
0 141 1904 0.000000 0 0.000000 0.000000 1615819366744 true
0 141 1894 0.000000 0 0.000000 0.000000 1615819366747 true
0 141 1884 0.000000 0 0.000000 0.000000 1615819366749 true
0 141 1878 0.000000 0 0.000000 0.000000 1615819366751 true
0 141 1879 0.000000 0 0.000000 0.000000 1615819366753 true
0 141 1873 0.000000 0 0.000000 0.000000 1615819366754 true
0 141 1865 0.000000 0 0.000000 0.000000 1615819366756 true
0 141 1859 0.000000 0 0.000000 0.000000 1615819367446 true
0 141 1848 0.000000 0 0.000000 0.000000 1615819367449 true
0 141 1842 0.000000 0 0.000000 0.000000 1615819367451 true
0 141 1840 0.000000 0 0.000000 0.000000 1615819367453 true
0 141 1839 0.000000 0 0.000000 0.000000 1615819367455 true
0 141 1830 0.000000 0 0.000000 0.000000 1615819367456 true
0 141 1828 0.000000 0 0.000000 0.000000 1615819367457 true
0 141 1827 0.000000 0 0.000000 0.000000 1615819368143 true
0 141 1826 0.000000 0 0.000000 0.000000 1615819368147 true
0 141 1828 0.000000 0 0.000000 0.000000 1615819368149 true
0 141 1828 0.000000 0 0.000000 0.000000 1615819368151 true
0 141 1826 0.000000 0 0.000000 0.000000 1615819368153 true
0 141 1829 0.000000 0 0.000000 0.000000 1615819368156 true
0 141 1827 0.000000 0 0.000000 0.000000 1615819368156 true
0 141 1823 0.000000 0 0.000000 0.000000 1615819368845 true
0 141 1821 0.000000 0 0.000000 0.000000 1615819368849 true
0 141 1819 0.000000 0 0.000000 0.000000 1615819368851 true
0 141 1809 0.000000 0 0.000000 0.000000 1615819368852 true
0 141 1799 0.000000 0 0.000000 0.000000 1615819368854 true
0 141 1792 0.000000 0 0.000000 0.000000 1615819368856 true
0 141 1793 0.000000 0 0.000000 0.000000 1615819368857 true
0 141 1786 0.000000 0 0.000000 0.000000 1615819369909 true
0 141 1791 0.000000 0 0.000000 0.000000 1615819369910 true
0 141 1799 0.000000 0 0.000000 0.000000 1615819369911 true
0 141 1802 0.000000 0 0.000000 0.000000 1615819369911 true
0 141 1805 0.000000 0 0.000000 0.000000 1615819369912 true
0 141 1820 0.000000 0 0.000000 0.000000 1615819369912 true
0 141 1829 0.000000 0 0.000000 0.000000 1615819369913 true
0 141 1832 0.000000 0 0.000000 0.000000 1615819370564 true
0 141 1847 0.000000 0 0.000000 0.000000 1615819370567 true
0 141 1855 0.000000 0 0.000000 0.000000 1615819370569 true
0 141 1863 0.000000 0 0.000000 0.000000 1615819370571 true
0 141 1875 0.000000 0 0.000000 0.000000 1615819370573 true
0 141 1883 0.000000 0 0.000000 0.000000 1615819370576 true
0 141 1894 0.000000 0 0.000000 0.000000 1615819370577 true
0 141 1901 0.000000 0 0.000000 0.000000 1615819371213 true
0 141 1902 0.000000 0 0.000000 0.000000 1615819371217 true
0 141 1910 0.000000 0 0.000000 0.000000 1615819371219 true
0 141 1906 0.000000 0 0.000000 0.000000 1615819371222 true
0 141 1904 0.000000 0 0.000000 0.000000 1615819371224 true
0 141 1910 0.000000 0 0.000000 0.000000 1615819371226 true
0 141 1903 0.000000 0 0.000000 0.000000 1615819371227 true
0 141 1898 0.000000 0 0.000000 0.000000 1615819371860 true
0 141 1898 0.000000 0 0.000000 0.000000 1615819371861 true
0 141 1894 0.000000 0 0.000000 0.000000 1615819371861 true
0 141 1893 0.000000 0 0.000000 0.000000 1615819371861 true
0 141 1885 0.000000 0 0.000000 0.000000 1615819371862 true
0 141 1887 0.000000 0 0.000000 0.000000 1615819371862 true
0 141 1882 0.000000 0 0.000000 0.000000 1615819371862 true
0 141 1885 0.000000 0 0.000000 0.000000 1615819372513 true
0 141 1880 0.000000 0 0.000000 0.000000 1615819372517 true
0 141 1878 0.000000 0 0.000000 0.000000 1615819372519 true
0 141 1875 0.000000 0 0.000000 0.000000 1615819372521 true
0 141 1878 0.000000 0 0.000000 0.000000 1615819372524 true
0 141 1874 0.000000 0 0.000000 0.000000 1615819372526 true
0 141 1870 0.000000 0 0.000000 0.000000 1615819372526 true
0 141 1871 0.000000 0 0.000000 0.000000 1615819373165 true
0 141 1869 0.000000 0 0.000000 0.000000 1615819373168 true
0 141 1868 0.000000 0 0.000000 0.000000 1615819373171 true
0 141 1865 0.000000 0 0.000000 0.000000 1615819373173 true
0 141 1866 0.000000 0 0.000000 0.000000 1615819373175 true
0 141 1865 0.000000 0 0.000000 0.000000 1615819373176 true
0 141 1863 0.000000 0 0.000000 0.000000 1615819373176 true
0 141 1866 0.000000 0 0.000000 0.000000 1615819373810 true
0 141 1861 0.000000 0 0.000000 0.000000 1615819373811 true
0 141 1862 0.000000 0 0.000000 0.000000 1615819373812 true
0 141 1866 0.000000 0 0.000000 0.000000 1615819373813 true
0 141 1866 0.000000 0 0.000000 0.000000 1615819373813 true
0 141 1862 0.000000 0 0.000000 0.000000 1615819373814 true
0 141 1863 0.000000 0 0.000000 0.000000 1615819373814 true
0 141 1863 0.000000 0 0.000000 0.000000 1615819374463 true
0 141 1861 0.000000 0 0.000000 0.000000 1615819374467 true
0 141 1861 0.000000 0 0.000000 0.000000 1615819374469 true
0 141 1860 0.000000 0 0.000000 0.000000 1615819374471 true
0 141 1857 0.000000 0 0.000000 0.000000 1615819374473 true
0 141 1854 0.000000 0 0.000000 0.000000 1615819374475 true
0 141 1850 0.000000 0 0.000000 0.000000 1615819374476 true
0 141 1850 0.000000 0 0.000000 0.000000 1615819375760 true
0 141 1849 0.000000 0 0.000000 0.000000 1615819375762 true
0 141 1849 0.000000 0 0.000000 0.000000 1615819375763 true
0 141 1847 0.000000 0 0.000000 0.000000 1615819375765 true
0 141 1847 0.000000 0 0.000000 0.000000 1615819375766 true
0 141 1846 0.000000 0 0.000000 0.000000 1615819375767 true
0 141 1848 0.000000 0 0.000000 0.000000 1615819375768 true
0 141 1842 0.000000 0 0.000000 0.000000 1615819376413 true
0 141 1840 0.000000 0 0.000000 0.000000 1615819376416 true
0 141 1832 0.000000 0 0.000000 0.000000 1615819376418 true
0 141 1829 0.000000 0 0.000000 0.000000 1615819376420 true
0 141 1829 0.000000 0 0.000000 0.000000 1615819376422 true
0 141 1828 0.000000 0 0.000000 0.000000 1615819376424 true
0 141 1833 0.000000 0 0.000000 0.000000 1615819376426 true
0 141 1839 0.000000 0 0.000000 0.000000 1615819377062 true
0 141 1845 0.000000 0 0.000000 0.000000 1615819377065 true
0 141 1847 0.000000 0 0.000000 0.000000 1615819377067 true
0 141 1856 0.000000 0 0.000000 0.000000 1615819377070 true
0 141 1860 0.000000 0 0.000000 0.000000 1615819377073 true
0 141 1862 0.000000 0 0.000000 0.000000 1615819377075 true
0 141 1869 0.000000 0 0.000000 0.000000 1615819377076 true
0 141 1875 0.000000 0 0.000000 0.000000 1615819377713 true
0 141 1879 0.000000 0 0.000000 0.000000 1615819377717 true
0 141 1885 0.000000 0 0.000000 0.000000 1615819377719 true
0 141 1879 0.000000 0 0.000000 0.000000 1615819377721 true
0 141 1877 0.000000 0 0.000000 0.000000 1615819377723 true
0 141 1870 0.000000 0 0.000000 0.000000 1615819377726 true
0 141 1863 0.000000 0 0.000000 0.000000 1615819377726 true
0 141 1860 0.000000 0 0.000000 0.000000 1615819378362 true
0 141 1860 0.000000 0 0.000000 0.000000 1615819378366 true
0 141 1856 0.000000 0 0.000000 0.000000 1615819378368 true
0 141 1846 0.000000 0 0.000000 0.000000 1615819378370 true
0 141 1842 0.000000 0 0.000000 0.000000 1615819378372 true
0 141 1835 0.000000 0 0.000000 0.000000 1615819378374 true
0 141 1831 0.000000 0 0.000000 0.000000 1615819378376 true
0 141 1833 0.000000 0 0.000000 0.000000 1615819379013 true
0 141 1827 0.000000 0 0.000000 0.000000 1615819379017 true
0 141 1819 0.000000 0 0.000000 0.000000 1615819379019 true
0 141 1811 0.000000 0 0.000000 0.000000 1615819379021 true
0 141 1805 0.000000 0 0.000000 0.000000 1615819379024 true
0 141 1804 0.000000 0 0.000000 0.000000 1615819379025 true
0 141 1804 0.000000 0 0.000000 0.000000 1615819379026 true
0 141 1803 0.000000 0 0.000000 0.000000 1615819379663 true
0 141 1805 0.000000 0 0.000000 0.000000 1615819379667 true
0 141 1808 0.000000 0 0.000000 0.000000 1615819379670 true
0 141 1820 0.000000 0 0.000000 0.000000 1615819379672 true
0 141 1830 0.000000 0 0.000000 0.000000 1615819379673 true
0 141 1836 0.000000 0 0.000000 0.000000 1615819379676 true
0 141 1843 0.000000 0 0.000000 0.000000 1615819379677 true
0 141 1851 0.000000 0 0.000000 0.000000 1615819380313 true
0 141 1854 0.000000 0 0.000000 0.000000 1615819380318 true
0 141 1861 0.000000 0 0.000000 0.000000 1615819380320 true
0 141 1857 0.000000 0 0.000000 0.000000 1615819380322 true
0 141 1856 0.000000 0 0.000000 0.000000 1615819380324 true
0 141 1854 0.000000 0 0.000000 0.000000 1615819380326 true
0 141 1854 0.000000 0 0.000000 0.000000 1615819380327 true
0 141 1848 0.000000 0 0.000000 0.000000 1615819380964 true
0 141 1841 0.000000 0 0.000000 0.000000 1615819380967 true
0 141 1843 0.000000 0 0.000000 0.000000 1615819380969 true
0 141 1836 0.000000 0 0.000000 0.000000 1615819380971 true
0 141 1836 0.000000 0 0.000000 0.000000 1615819380973 true
0 141 1831 0.000000 0 0.000000 0.000000 1615819380976 true
0 141 1824 0.000000 0 0.000000 0.000000 1615819380976 true
0 141 1809 0.000000 0 0.000000 0.000000 1615819381613 true
0 141 1806 0.000000 0 0.000000 0.000000 1615819381617 true
0 141 1805 0.000000 0 0.000000 0.000000 1615819381619 true
0 141 1800 0.000000 0 0.000000 0.000000 1615819381621 true
0 141 1800 0.000000 0 0.000000 0.000000 1615819381623 true
0 141 1796 0.000000 0 0.000000 0.000000 1615819381626 true
0 141 1801 0.000000 0 0.000000 0.000000 1615819381626 true
0 141 1795 0.000000 0 0.000000 0.000000 1615819382261 true
0 141 1806 0.000000 0 0.000000 0.000000 1615819382263 true
0 141 1792 0.000000 0 0.000000 0.000000 1615819382264 true
0 141 1801 0.000000 0 0.000000 0.000000 1615819382265 true
0 141 1802 0.000000 0 0.000000 0.000000 1615819382267 true
0 141 1804 0.000000 0 0.000000 0.000000 1615819382268 true
0 141 1801 0.000000 0 0.000000 0.000000 1615819382269 true
0 141 1807 0.000000 0 0.000000 0.000000 1615819382910 true
0 141 1805 0.000000 0 0.000000 0.000000 1615819382911 true
0 141 1809 0.000000 0 0.000000 0.000000 1615819382912 true
0 141 1816 0.000000 0 0.000000 0.000000 1615819382912 true
0 141 1821 0.000000 0 0.000000 0.000000 1615819382912 true
0 141 1826 0.000000 0 0.000000 0.000000 1615819382913 true
0 141 1827 0.000000 0 0.000000 0.000000 1615819382913 true
0 141 1850 0.000000 0 0.000000 0.000000 1615819383564 true
0 141 1830 0.000000 0 0.000000 0.000000 1615819383568 true
0 141 1836 0.000000 0 0.000000 0.000000 1615819383570 true
0 141 1838 0.000000 0 0.000000 0.000000 1615819383572 true
0 141 1834 0.000000 0 0.000000 0.000000 1615819383574 true
0 141 1837 0.000000 0 0.000000 0.000000 1615819383576 true
0 141 1834 0.000000 0 0.000000 0.000000 1615819383576 true
0 141 1836 0.000000 0 0.000000 0.000000 1615819384860 true
0 141 1846 0.000000 0 0.000000 0.000000 1615819384860 true
0 141 1860 0.000000 0 0.000000 0.000000 1615819384861 true
0 141 1872 0.000000 0 0.000000 0.000000 1615819384861 true
0 141 1886 0.000000 0 0.000000 0.000000 1615819384862 true
0 141 1884 0.000000 0 0.000000 0.000000 1615819384862 true
0 141 1908 0.000000 0 0.000000 0.000000 1615819384862 true
0 141 1900 0.000000 0 0.000000 0.000000 1615819385509 true
0 141 1908 0.000000 0 0.000000 0.000000 1615819385510 true
0 141 1910 0.000000 0 0.000000 0.000000 1615819385510 true
0 141 1923 0.000000 0 0.000000 0.000000 1615819385511 true
0 141 1918 0.000000 0 0.000000 0.000000 1615819385511 true
0 141 1911 0.000000 0 0.000000 0.000000 1615819385511 true
0 141 1907 0.000000 0 0.000000 0.000000 1615819385512 true
0 141 1921 0.000000 0 0.000000 0.000000 1615819386160 true
0 141 1930 0.000000 0 0.000000 0.000000 1615819386161 true
0 141 1934 0.000000 0 0.000000 0.000000 1615819386161 true
0 141 1927 0.000000 0 0.000000 0.000000 1615819386161 true
0 141 1923 0.000000 0 0.000000 0.000000 1615819386162 true
0 141 1930 0.000000 0 0.000000 0.000000 1615819386162 true
0 141 1923 0.000000 0 0.000000 0.000000 1615819386162 true
0 141 1920 0.000000 0 0.000000 0.000000 1615819386813 true
0 141 1916 0.000000 0 0.000000 0.000000 1615819386816 true
0 141 1916 0.000000 9 0.000000 0.000000 1615819386818 false
0 141 1915 0.000000 9 0.000000 0.000000 1615819386820 true
0 141 1909 0.000000 9 0.000000 0.000000 1615819386822 true
0 141 1907 0.000000 9 0.000000 0.000000 1615819386824 true
0 141 1905 0.000000 9 0.000000 0.000000 1615819386825 true
0 141 1899 0.000000 9 0.000000 0.000000 1615819386826 true
0 141 1898 0.000000 9 0.000000 0.000000 1615819387463 true
0 141 1894 0.000000 9 0.000000 0.000000 1615819387467 true
0 141 1887 0.000000 9 0.000000 0.000000 1615819387469 true
0 141 1881 0.000000 9 0.000000 0.000000 1615819387471 true
0 141 1875 0.000000 9 0.000000 0.000000 1615819387473 true
0 141 1865 0.000000 9 0.000000 0.000000 1615819387475 true
0 141 1864 0.000000 9 0.000000 0.000000 1615819387476 true
97 141 1864 0.000000 9 0.000000 0.000000 1615819388112 false
97 153 1864 0.000000 9 0.000000 0.000000 1615819388114 false
97 153 1865 0.000000 9 0.000000 0.000000 1615819388117 true
97 153 1870 0.000000 9 0.000000 0.000000 1615819388119 true
97 153 1863 0.000000 9 0.000000 0.000000 1615819388122 true
97 153 1872 0.000000 9 0.000000 0.000000 1615819388124 true
97 153 1867 0.000000 9 0.000000 0.000000 1615819388126 true
97 153 1879 0.000000 9 0.000000 0.000000 1615819388126 true
97 153 1887 0.000000 9 0.000000 0.000000 1615819388126 true
97 153 1889 0.000000 9 0.000000 0.000000 1615819388763 true
97 153 1901 0.000000 9 0.000000 0.000000 1615819388767 true
97 153 1928 0.000000 9 0.000000 0.000000 1615819388769 true
97 153 1949 0.000000 9 0.000000 0.000000 1615819388771 true
97 153 1964 0.000000 9 0.000000 0.000000 1615819388773 true
97 153 1945 0.000000 9 0.000000 0.000000 1615819388775 true
97 153 1918 0.000000 9 0.000000 0.000000 1615819388777 true
70 153 1918 0.000000 9 0.000000 0.000000 1615819388777 false
70 171 1918 0.000000 9 0.000000 0.000000 1615819388778 false
70 171 1901 0.000000 9 0.000000 0.000000 1615819389413 true
70 171 1858 0.000000 9 0.000000 0.000000 1615819389417 true
70 171 1833 0.000000 9 0.000000 0.000000 1615819389419 true
70 171 1830 0.000000 9 0.000000 0.000000 1615819389421 true
70 171 1841 0.000000 9 0.000000 0.000000 1615819389423 true
70 171 1840 0.000000 9 0.000000 0.000000 1615819389425 true
70 171 1822 0.000000 9 0.000000 0.000000 1615819389426 true
63 171 1822 0.000000 9 0.000000 0.000000 1615819390060 false
63 173 1822 0.000000 9 0.000000 0.000000 1615819390062 false
63 173 1817 0.000000 9 0.000000 0.000000 1615819390063 true
63 173 1805 0.000000 9 0.000000 0.000000 1615819390064 true
63 173 1810 0.000000 9 0.000000 0.000000 1615819390065 true
63 173 1810 0.000000 9 0.000000 0.000000 1615819390066 true
63 173 1810 0.000000 4 0.000000 0.000000 1615819390067 false
63 173 1814 0.000000 4 0.000000 0.000000 1615819390068 true
63 173 1815 0.000000 4 0.000000 0.000000 1615819390069 true
63 173 1814 0.000000 4 0.000000 0.000000 1615819390070 true
63 173 1809 0.000000 4 0.000000 0.000000 1615819390714 true
63 173 1817 0.000000 4 0.000000 0.000000 1615819390717 true
63 173 1808 0.000000 4 0.000000 0.000000 1615819390719 true
63 173 1809 0.000000 4 0.000000 0.000000 1615819390721 true
63 173 1811 0.000000 4 0.000000 0.000000 1615819390723 true
63 173 1818 0.000000 4 0.000000 0.000000 1615819390726 true
63 173 1817 0.000000 4 0.000000 0.000000 1615819390727 true
65 173 1817 0.000000 4 0.000000 0.000000 1615819390727 false
65 173 1825 0.000000 4 0.000000 0.000000 1615819391363 true
65 173 1825 0.000000 4 0.000000 0.000000 1615819391366 true
65 173 1824 0.000000 4 0.000000 0.000000 1615819391368 true
65 173 1830 0.000000 4 0.000000 0.000000 1615819391370 true
65 173 1831 0.000000 4 0.000000 0.000000 1615819391372 true
65 173 1841 0.000000 4 0.000000 0.000000 1615819391374 true
65 173 1838 0.000000 4 0.000000 0.000000 1615819391376 true
65 173 1840 0.000000 4 0.000000 0.000000 1615819392015 true
65 173 1842 0.000000 4 0.000000 0.000000 1615819392018 true
65 173 1835 0.000000 4 0.000000 0.000000 1615819392020 true
65 173 1828 0.000000 4 0.000000 0.000000 1615819392023 true
65 173 1829 0.000000 4 0.000000 0.000000 1615819392025 true
65 173 1830 0.000000 4 0.000000 0.000000 1615819392026 true
65 173 1832 0.000000 4 0.000000 0.000000 1615819392026 true
61 173 1832 0.000000 4 0.000000 0.000000 1615819392664 false
61 175 1832 0.000000 4 0.000000 0.000000 1615819392667 false
61 175 1834 0.000000 4 0.000000 0.000000 1615819392670 true
61 175 1832 0.000000 4 0.000000 0.000000 1615819392672 true
61 175 1832 0.000000 4 0.000000 0.000000 1615819392674 true
61 175 1830 0.000000 4 0.000000 0.000000 1615819392676 true
61 175 1825 0.000000 4 0.000000 0.000000 1615819392677 true
61 175 1829 0.000000 4 0.000000 0.000000 1615819392677 true
61 175 1828 0.000000 4 0.000000 0.000000 1615819392677 true
61 175 1822 0.000000 4 0.000000 0.000000 1615819393962 true
61 175 1822 0.000000 5 0.000000 0.000000 1615819393965 false
61 175 1796 0.000000 5 0.000000 0.000000 1615819393967 true
61 175 1782 0.000000 5 0.000000 0.000000 1615819393969 true
61 175 1775 0.000000 5 0.000000 0.000000 1615819393973 true
61 175 1774 0.000000 5 0.000000 0.000000 1615819393975 true
61 175 1780 0.000000 5 0.000000 0.000000 1615819393976 true
61 175 1776 0.000000 5 0.000000 0.000000 1615819393976 true
58 175 1776 0.000000 5 0.000000 0.000000 1615819393977 false
58 175 1780 0.000000 5 0.000000 0.000000 1615819394614 true
58 175 1790 0.000000 5 0.000000 0.000000 1615819394618 true
58 175 1798 0.000000 5 0.000000 0.000000 1615819394621 true
58 175 1795 0.000000 5 0.000000 0.000000 1615819394623 true
58 175 1801 0.000000 5 0.000000 0.000000 1615819394625 true
58 175 1809 0.000000 5 0.000000 0.000000 1615819394626 true
58 175 1808 0.000000 5 0.000000 0.000000 1615819394626 true
58 175 1808 0.000000 6 0.000000 0.000000 1615819394627 false
58 108 1808 0.000000 6 0.000000 0.000000 1615819394628 false
58 108 1798 0.000000 6 0.000000 0.000000 1615819395262 true
58 108 1798 0.000000 6 0.000000 0.000000 1615819395267 true
58 108 1793 0.000000 6 0.000000 0.000000 1615819395270 true
58 108 1791 0.000000 6 0.000000 0.000000 1615819395272 true
58 108 1795 0.000000 6 0.000000 0.000000 1615819395274 true
58 108 1793 0.000000 6 0.000000 0.000000 1615819395276 true
58 108 1792 0.000000 6 0.000000 0.000000 1615819395276 true
58 108 1800 0.000000 6 0.000000 0.000000 1615819395911 true
58 108 1796 0.000000 6 0.000000 0.000000 1615819395912 true
58 108 1787 0.000000 6 0.000000 0.000000 1615819395913 true
58 108 1792 0.000000 6 0.000000 0.000000 1615819395914 true
58 108 1791 0.000000 6 0.000000 0.000000 1615819395916 true
58 108 1803 0.000000 6 0.000000 0.000000 1615819395917 true
58 108 1818 0.000000 6 0.000000 0.000000 1615819395918 true
49 108 1818 0.000000 6 0.000000 0.000000 1615819395919 false
49 125 1818 0.000000 6 0.000000 0.000000 1615819395920 false
49 125 1844 0.000000 6 0.000000 0.000000 1615819396564 true
49 125 1844 0.000000 7 0.000000 0.000000 1615819396568 false
49 125 1853 0.000000 7 0.000000 0.000000 1615819396570 true
49 125 1868 0.000000 7 0.000000 0.000000 1615819396572 true
49 125 1884 0.000000 7 0.000000 0.000000 1615819396573 true
49 125 1890 0.000000 7 0.000000 0.000000 1615819396576 true
49 125 1884 0.000000 7 0.000000 0.000000 1615819396577 true
49 125 1884 0.000000 7 0.000000 0.000000 1615819396577 true
49 110 1884 0.000000 7 0.000000 0.000000 1615819396578 false
49 110 1876 0.000000 7 0.000000 0.000000 1615819397213 true
49 110 1869 0.000000 7 0.000000 0.000000 1615819397217 true
49 110 1859 0.000000 7 0.000000 0.000000 1615819397220 true
49 110 1842 0.000000 7 0.000000 0.000000 1615819397222 true
49 110 1850 0.000000 7 0.000000 0.000000 1615819397224 true
49 110 1844 0.000000 7 0.000000 0.000000 1615819397226 true
49 110 1844 0.000000 7 0.000000 0.000000 1615819397226 true
49 110 1844 0.000000 7 0.000000 0.000000 1615819397864 true
49 110 1845 0.000000 7 0.000000 0.000000 1615819397868 true
49 110 1839 0.000000 7 0.000000 0.000000 1615819397870 true
49 110 1847 0.000000 7 0.000000 0.000000 1615819397872 true
49 110 1848 0.000000 7 0.000000 0.000000 1615819397874 true
49 110 1848 0.000000 7 0.000000 0.000000 1615819397876 true
49 110 1848 0.000000 8 0.000000 0.000000 1615819397876 false
49 110 1855 0.000000 8 0.000000 0.000000 1615819397877 true
49 76 1855 0.000000 8 0.000000 0.000000 1615819397878 false
49 76 1862 0.000000 8 0.000000 0.000000 1615819398513 true
49 76 1869 0.000000 8 0.000000 0.000000 1615819398517 true
49 76 1873 0.000000 8 0.000000 0.000000 1615819398519 true
49 76 1892 0.000000 8 0.000000 0.000000 1615819398521 true
49 76 1916 0.000000 8 0.000000 0.000000 1615819398523 true
49 76 1922 0.000000 8 0.000000 0.000000 1615819398525 true
49 76 1904 0.000000 8 0.000000 0.000000 1615819398526 true
49 69 1904 0.000000 8 0.000000 0.000000 1615819399165 false
49 69 1891 0.000000 8 0.000000 0.000000 1615819399169 true
49 69 1893 0.000000 8 0.000000 0.000000 1615819399172 true
49 69 1893 0.000000 8 0.000000 0.000000 1615819399174 true
49 69 1896 0.000000 8 0.000000 0.000000 1615819399176 true
49 69 1895 0.000000 8 0.000000 0.000000 1615819399176 true
49 69 1894 0.000000 8 0.000000 0.000000 1615819399177 true
49 69 1892 0.000000 8 0.000000 0.000000 1615819399177 true
49 68 1892 0.000000 8 0.000000 0.000000 1615819399816 false
49 68 1892 0.000000 8 0.000000 0.000000 1615819399820 true
49 68 1895 0.000000 8 0.000000 0.000000 1615819399822 true
49 68 1902 0.000000 8 0.000000 0.000000 1615819399824 true
49 68 1886 0.000000 8 0.000000 0.000000 1615819399826 true
49 68 1874 0.000000 8 0.000000 0.000000 1615819399827 true
49 68 1874 0.000000 9 0.000000 0.000000 1615819399827 false
49 68 1873 0.000000 9 0.000000 0.000000 1615819399828 true
49 68 1857 0.000000 9 0.000000 0.000000 1615819399828 true
49 68 1850 0.000000 9 0.000000 0.000000 1615819400463 true
49 68 1845 0.000000 9 0.000000 0.000000 1615819400467 true
49 68 1835 0.000000 9 0.000000 0.000000 1615819400469 true
49 68 1827 0.000000 9 0.000000 0.000000 1615819400471 true
49 68 1810 0.000000 9 0.000000 0.000000 1615819400473 true
49 68 1800 0.000000 9 0.000000 0.000000 1615819400475 true
49 68 1790 0.000000 9 0.000000 0.000000 1615819400476 true
49 68 1789 0.000000 9 0.000000 0.000000 1615819401112 true
49 68 1791 0.000000 9 0.000000 0.000000 1615819401113 true
49 68 1781 0.000000 9 0.000000 0.000000 1615819401115 true
49 68 1790 0.000000 9 0.000000 0.000000 1615819401116 true
49 68 1803 0.000000 9 0.000000 0.000000 1615819401117 true
49 68 1804 0.000000 9 0.000000 0.000000 1615819401119 true
49 68 1808 0.000000 9 0.000000 0.000000 1615819401120 true
