0 0 1729 0.000000 0 0.000000 0.000000 1615900465879 true
0 0 1716 0.000000 0 0.000000 0.000000 1615900465884 true
0 0 1707 0.000000 0 0.000000 0.000000 1615900465886 true
0 0 1702 0.000000 0 0.000000 0.000000 1615900465888 true
0 0 1698 0.000000 0 0.000000 0.000000 1615900465890 true
0 0 1576 0.000000 0 0.000000 0.000000 1615900465890 true
0 0 1527 0.000000 0 0.000000 0.000000 1615900465891 true
0 0 1520 0.000000 0 0.000000 0.000000 1615900466527 true
0 0 1508 0.000000 0 0.000000 0.000000 1615900466530 true
0 0 1508 0.000000 0 0.000000 0.000000 1615900466532 true
0 0 1521 0.000000 0 0.000000 0.000000 1615900466533 true
0 0 1548 0.000000 0 0.000000 0.000000 1615900466534 true
0 0 1581 0.000000 0 0.000000 0.000000 1615900466535 true
0 0 1614 0.000000 0 0.000000 0.000000 1615900466536 true
0 79 1614 0.000000 0 0.000000 0.000000 1615900467326 false
0 79 1641 0.000000 0 0.000000 0.000000 1615900467330 true
0 79 1669 0.000000 0 0.000000 0.000000 1615900467333 true
0 79 1697 0.000000 0 0.000000 0.000000 1615900467335 true
0 79 1702 0.000000 0 0.000000 0.000000 1615900467337 true
0 79 1703 0.000000 0 0.000000 0.000000 1615900467339 true
0 79 1694 0.000000 0 0.000000 0.000000 1615900467340 true
0 79 1689 0.000000 0 0.000000 0.000000 1615900467340 true
0 79 1687 0.000000 0 0.000000 0.000000 1615900467926 true
0 79 1633 0.000000 0 0.000000 0.000000 1615900467930 true
0 79 1644 0.000000 0 0.000000 0.000000 1615900467932 true
0 79 1630 0.000000 0 0.000000 0.000000 1615900467934 true
0 79 1610 0.000000 0 0.000000 0.000000 1615900467936 true
0 79 1588 0.000000 0 0.000000 0.000000 1615900467939 true
0 79 1575 0.000000 0 0.000000 0.000000 1615900467940 true
0 79 1567 0.000000 0 0.000000 0.000000 1615900468627 true
0 79 1548 0.000000 0 0.000000 0.000000 1615900468630 true
0 79 1541 0.000000 0 0.000000 0.000000 1615900468632 true
0 79 1526 0.000000 0 0.000000 0.000000 1615900468634 true
0 79 1520 0.000000 0 0.000000 0.000000 1615900468636 true
0 79 1519 0.000000 0 0.000000 0.000000 1615900468639 true
0 79 1512 0.000000 0 0.000000 0.000000 1615900468640 true
0 79 1515 0.000000 0 0.000000 0.000000 1615900469325 true
0 79 1507 0.000000 0 0.000000 0.000000 1615900469329 true
0 79 1506 0.000000 0 0.000000 0.000000 1615900469331 true
0 79 1505 0.000000 0 0.000000 0.000000 1615900469332 true
0 79 1510 0.000000 0 0.000000 0.000000 1615900469333 true
0 79 1517 0.000000 0 0.000000 0.000000 1615900469334 true
0 79 1538 0.000000 0 0.000000 0.000000 1615900469335 true
0 79 1565 0.000000 0 0.000000 0.000000 1615900470023 true
0 79 1583 0.000000 0 0.000000 0.000000 1615900470023 true
0 79 1602 0.000000 0 0.000000 0.000000 1615900470024 true
0 79 1624 0.000000 0 0.000000 0.000000 1615900470024 true
0 79 1637 0.000000 0 0.000000 0.000000 1615900470024 true
0 79 1651 0.000000 0 0.000000 0.000000 1615900470025 true
0 79 1666 0.000000 0 0.000000 0.000000 1615900470025 true
0 79 1661 0.000000 0 0.000000 0.000000 1615900470727 true
0 79 1659 0.000000 0 0.000000 0.000000 1615900470730 true
0 79 1651 0.000000 0 0.000000 0.000000 1615900470732 true
0 79 1635 0.000000 0 0.000000 0.000000 1615900470734 true
0 79 1615 0.000000 0 0.000000 0.000000 1615900470736 true
0 79 1593 0.000000 0 0.000000 0.000000 1615900470738 true
0 79 1569 0.000000 0 0.000000 0.000000 1615900470740 true
0 79 1552 0.000000 0 0.000000 0.000000 1615900471642 true
0 79 1537 0.000000 0 0.000000 0.000000 1615900471645 true
0 79 1522 0.000000 0 0.000000 0.000000 1615900471647 true
0 79 1510 0.000000 0 0.000000 0.000000 1615900471649 true
0 79 1507 0.000000 0 0.000000 0.000000 1615900471652 true
0 79 1504 0.000000 0 0.000000 0.000000 1615900471653 true
0 79 1497 0.000000 0 0.000000 0.000000 1615900471655 true
0 79 1495 0.000000 0 0.000000 0.000000 1615900472296 true
0 79 1494 0.000000 0 0.000000 0.000000 1615900472299 true
0 79 1506 0.000000 0 0.000000 0.000000 1615900472301 true
0 79 1491 0.000000 0 0.000000 0.000000 1615900472302 true
0 79 1489 0.000000 0 0.000000 0.000000 1615900472303 true
0 79 1496 0.000000 0 0.000000 0.000000 1615900472304 true
0 79 1511 0.000000 0 0.000000 0.000000 1615900472305 true
0 79 1530 0.000000 0 0.000000 0.000000 1615900473594 true
0 79 1555 0.000000 0 0.000000 0.000000 1615900473597 true
0 79 1560 0.000000 0 0.000000 0.000000 1615900473599 true
0 79 1565 0.000000 0 0.000000 0.000000 1615900473601 true
0 79 1584 0.000000 0 0.000000 0.000000 1615900473603 true
0 79 1604 0.000000 0 0.000000 0.000000 1615900473605 true
0 79 1618 0.000000 0 0.000000 0.000000 1615900473607 true
0 79 1634 0.000000 0 0.000000 0.000000 1615900474242 true
0 79 1638 0.000000 0 0.000000 0.000000 1615900474245 true
0 79 1610 0.000000 0 0.000000 0.000000 1615900474248 true
0 79 1592 0.000000 0 0.000000 0.000000 1615900474251 true
0 79 1580 0.000000 0 0.000000 0.000000 1615900474252 true
0 79 1570 0.000000 0 0.000000 0.000000 1615900474254 true
0 79 1551 0.000000 0 0.000000 0.000000 1615900474256 true
0 79 1539 0.000000 0 0.000000 0.000000 1615900475544 true
0 79 1529 0.000000 0 0.000000 0.000000 1615900475547 true
0 79 1525 0.000000 0 0.000000 0.000000 1615900475549 true
0 79 1523 0.000000 0 0.000000 0.000000 1615900475552 true
0 79 1522 0.000000 0 0.000000 0.000000 1615900475555 true
0 79 1518 0.000000 0 0.000000 0.000000 1615900475557 true
0 79 1516 0.000000 0 0.000000 0.000000 1615900475559 true
0 79 1510 0.000000 0 0.000000 0.000000 1615900475560 true
0 79 1508 0.000000 0 0.000000 0.000000 1615900475560 true
0 79 1511 0.000000 0 0.000000 0.000000 1615900475561 true
0 79 1516 0.000000 0 0.000000 0.000000 1615900475561 true
0 79 1532 0.000000 0 0.000000 0.000000 1615900475562 true
0 79 1558 0.000000 0 0.000000 0.000000 1615900475562 true
0 79 1580 0.000000 0 0.000000 0.000000 1615900475562 true
0 79 1600 0.000000 0 0.000000 0.000000 1615900476193 true
0 79 1617 0.000000 0 0.000000 0.000000 1615900476196 true
0 79 1632 0.000000 0 0.000000 0.000000 1615900476199 true
0 79 1632 0.000000 0 0.000000 0.000000 1615900476200 true
0 79 1634 0.000000 0 0.000000 0.000000 1615900476201 true
0 79 1626 0.000000 0 0.000000 0.000000 1615900476202 true
0 79 1608 0.000000 0 0.000000 0.000000 1615900476203 true
0 79 1596 0.000000 0 0.000000 0.000000 1615900476845 true
0 79 1578 0.000000 0 0.000000 0.000000 1615900476848 true
0 79 1559 0.000000 0 0.000000 0.000000 1615900476850 true
0 79 1546 0.000000 0 0.000000 0.000000 1615900476851 true
0 79 1540 0.000000 0 0.000000 0.000000 1615900476852 true
0 79 1541 0.000000 0 0.000000 0.000000 1615900476853 true
0 79 1533 0.000000 0 0.000000 0.000000 1615900476854 true
0 79 1529 0.000000 0 0.000000 0.000000 1615900477495 true
0 79 1529 0.000000 0 0.000000 0.000000 1615900477499 true
0 79 1532 0.000000 0 0.000000 0.000000 1615900477501 true
0 79 1555 0.000000 0 0.000000 0.000000 1615900477503 true
0 79 1586 0.000000 0 0.000000 0.000000 1615900477505 true
0 79 1604 0.000000 0 0.000000 0.000000 1615900477507 true
0 79 1623 0.000000 0 0.000000 0.000000 1615900477509 true
0 79 1647 0.000000 0 0.000000 0.000000 1615900478140 true
0 79 1668 0.000000 0 0.000000 0.000000 1615900478142 true
0 79 1683 0.000000 0 0.000000 0.000000 1615900478143 true
0 79 1690 0.000000 0 0.000000 0.000000 1615900478144 true
0 79 1696 0.000000 0 0.000000 0.000000 1615900478145 true
0 79 1684 0.000000 0 0.000000 0.000000 1615900478146 true
0 79 1667 0.000000 0 0.000000 0.000000 1615900478146 true
0 79 1638 0.000000 0 0.000000 0.000000 1615900478793 true
0 79 1610 0.000000 0 0.000000 0.000000 1615900478796 true
0 79 1582 0.000000 0 0.000000 0.000000 1615900478799 true
0 79 1566 0.000000 0 0.000000 0.000000 1615900478801 true
0 79 1557 0.000000 0 0.000000 0.000000 1615900478803 true
0 79 1551 0.000000 0 0.000000 0.000000 1615900478805 true
0 79 1547 0.000000 0 0.000000 0.000000 1615900478807 true
0 79 1539 0.000000 0 0.000000 0.000000 1615900479446 true
0 79 1539 0.000000 0 0.000000 0.000000 1615900479447 true
0 79 1524 0.000000 0 0.000000 0.000000 1615900479448 true
0 79 1526 0.000000 0 0.000000 0.000000 1615900479449 true
0 79 1518 0.000000 0 0.000000 0.000000 1615900479451 true
0 79 1520 0.000000 0 0.000000 0.000000 1615900479451 true
0 79 1518 0.000000 0 0.000000 0.000000 1615900479453 true
0 79 1520 0.000000 0 0.000000 0.000000 1615900480092 true
0 79 1519 0.000000 0 0.000000 0.000000 1615900480095 true
0 79 1519 0.000000 0 0.000000 0.000000 1615900480097 true
0 79 1519 0.000000 0 0.000000 0.000000 1615900480101 true
0 79 1519 0.000000 0 0.000000 0.000000 1615900480102 true
0 79 1523 0.000000 0 0.000000 0.000000 1615900480103 true
0 79 1538 0.000000 0 0.000000 0.000000 1615900480104 true
0 79 1556 0.000000 0 0.000000 0.000000 1615900480743 true
0 79 1589 0.000000 0 0.000000 0.000000 1615900480746 true
0 79 1605 0.000000 0 0.000000 0.000000 1615900480749 true
0 79 1621 0.000000 0 0.000000 0.000000 1615900480752 true
0 79 1636 0.000000 0 0.000000 0.000000 1615900480754 true
0 79 1651 0.000000 0 0.000000 0.000000 1615900480756 true
0 79 1657 0.000000 0 0.000000 0.000000 1615900480759 true
0 79 1665 0.000000 0 0.000000 0.000000 1615900481395 true
0 79 1661 0.000000 0 0.000000 0.000000 1615900481397 true
0 79 1658 0.000000 0 0.000000 0.000000 1615900481400 true
0 79 1646 0.000000 0 0.000000 0.000000 1615900481402 true
0 79 1625 0.000000 0 0.000000 0.000000 1615900481405 true
0 79 1607 0.000000 0 0.000000 0.000000 1615900481407 true
0 79 1597 0.000000 0 0.000000 0.000000 1615900481409 true
0 79 1586 0.000000 0 0.000000 0.000000 1615900482042 true
0 79 1574 0.000000 0 0.000000 0.000000 1615900482044 true
0 79 1565 0.000000 0 0.000000 0.000000 1615900482046 true
0 79 1557 0.000000 0 0.000000 0.000000 1615900482049 true
0 79 1547 0.000000 0 0.000000 0.000000 1615900482050 true
0 79 1537 0.000000 0 0.000000 0.000000 1615900482051 true
0 79 1531 0.000000 0 0.000000 0.000000 1615900482052 true
0 79 1531 0.000000 0 0.000000 0.000000 1615900482693 true
0 79 1531 0.000000 8 0.000000 0.000000 1615900482696 false
0 79 1532 0.000000 8 0.000000 0.000000 1615900482699 true
0 79 1527 0.000000 8 0.000000 0.000000 1615900482701 true
0 79 1537 0.000000 8 0.000000 0.000000 1615900482703 true
0 79 1535 0.000000 8 0.000000 0.000000 1615900482705 true
0 79 1536 0.000000 8 0.000000 0.000000 1615900482707 true
0 79 1547 0.000000 8 0.000000 0.000000 1615900482709 true
0 79 1573 0.000000 8 0.000000 0.000000 1615900483346 true
0 79 1601 0.000000 8 0.000000 0.000000 1615900483350 true
0 79 1631 0.000000 8 0.000000 0.000000 1615900483352 true
0 79 1662 0.000000 8 0.000000 0.000000 1615900483354 true
0 79 1682 0.000000 8 0.000000 0.000000 1615900483356 true
0 79 1700 0.000000 8 0.000000 0.000000 1615900483359 true
0 79 1699 0.000000 8 0.000000 0.000000 1615900483360 true
0 79 1693 0.000000 8 0.000000 0.000000 1615900484643 true
0 79 1680 0.000000 8 0.000000 0.000000 1615900484646 true
0 79 1680 0.000000 4 0.000000 0.000000 1615900484649 false
0 79 1664 0.000000 4 0.000000 0.000000 1615900484651 true
0 79 1650 0.000000 4 0.000000 0.000000 1615900484653 true
0 79 1633 0.000000 4 0.000000 0.000000 1615900484655 true
0 79 1621 0.000000 4 0.000000 0.000000 1615900484657 true
0 79 1609 0.000000 4 0.000000 0.000000 1615900484659 true
0 79 1584 0.000000 4 0.000000 0.000000 1615900485294 true
0 79 1573 0.000000 4 0.000000 0.000000 1615900485297 true
0 79 1568 0.000000 4 0.000000 0.000000 1615900485300 true
0 79 1561 0.000000 4 0.000000 0.000000 1615900485301 true
0 79 1555 0.000000 4 0.000000 0.000000 1615900485302 true
0 79 1549 0.000000 4 0.000000 0.000000 1615900485303 true
0 79 1549 0.000000 8 0.000000 0.000000 1615900485304 false
0 79 1549 0.000000 8 0.000000 0.000000 1615900485305 true
0 79 1540 0.000000 8 0.000000 0.000000 1615900485944 true
0 79 1542 0.000000 8 0.000000 0.000000 1615900485947 true
0 79 1540 0.000000 8 0.000000 0.000000 1615900485950 true
0 79 1546 0.000000 8 0.000000 0.000000 1615900485951 true
0 79 1566 0.000000 8 0.000000 0.000000 1615900485952 true
0 79 1596 0.000000 8 0.000000 0.000000 1615900485953 true
0 79 1614 0.000000 8 0.000000 0.000000 1615900485954 true
0 79 1634 0.000000 8 0.000000 0.000000 1615900486594 true
0 79 1643 0.000000 8 0.000000 0.000000 1615900486597 true
0 79 1654 0.000000 8 0.000000 0.000000 1615900486599 true
0 79 1661 0.000000 8 0.000000 0.000000 1615900486600 true
0 79 1666 0.000000 8 0.000000 0.000000 1615900486601 true
0 79 1658 0.000000 8 0.000000 0.000000 1615900486602 true
0 79 1647 0.000000 8 0.000000 0.000000 1615900486603 true
0 79 1641 0.000000 8 0.000000 0.000000 1615900487244 true
0 79 1628 0.000000 8 0.000000 0.000000 1615900487247 true
0 79 1620 0.000000 8 0.000000 0.000000 1615900487250 true
0 79 1599 0.000000 8 0.000000 0.000000 1615900487251 true
0 79 1596 0.000000 8 0.000000 0.000000 1615900487252 true
0 79 1583 0.000000 8 0.000000 0.000000 1615900487253 true
0 79 1574 0.000000 8 0.000000 0.000000 1615900487254 true
0 79 1568 0.000000 8 0.000000 0.000000 1615900487891 true
0 79 1562 0.000000 8 0.000000 0.000000 1615900487894 true
0 79 1558 0.000000 8 0.000000 0.000000 1615900487897 true
0 79 1555 0.000000 8 0.000000 0.000000 1615900487899 true
0 79 1548 0.000000 8 0.000000 0.000000 1615900487900 true
0 79 1548 0.000000 12 0.000000 0.000000 1615900487901 false
0 79 1547 0.000000 12 0.000000 0.000000 1615900487902 true
0 79 1565 0.000000 12 0.000000 0.000000 1615900487903 true
0 79 1585 0.000000 12 0.000000 0.000000 1615900488546 true
0 79 1606 0.000000 12 0.000000 0.000000 1615900488549 true
0 79 1625 0.000000 12 0.000000 0.000000 1615900488551 true
0 79 1650 0.000000 12 0.000000 0.000000 1615900488553 true
0 79 1650 0.000000 12 0.000000 0.000000 1615900488555 true
0 79 1657 0.000000 12 0.000000 0.000000 1615900488557 true
0 79 1668 0.000000 12 0.000000 0.000000 1615900488559 true
0 79 1672 0.000000 12 0.000000 0.000000 1615900489193 true
0 79 1663 0.000000 12 0.000000 0.000000 1615900489196 true
0 79 1662 0.000000 12 0.000000 0.000000 1615900489199 true
0 79 1651 0.000000 12 0.000000 0.000000 1615900489201 true
0 79 1648 0.000000 12 0.000000 0.000000 1615900489203 true
0 79 1637 0.000000 12 0.000000 0.000000 1615900489205 true
0 79 1623 0.000000 12 0.000000 0.000000 1615900489207 true
0 79 1609 0.000000 12 0.000000 0.000000 1615900489843 true
0 79 1597 0.000000 12 0.000000 0.000000 1615900489846 true
0 79 1606 0.000000 12 0.000000 0.000000 1615900489849 true
0 79 1588 0.000000 12 0.000000 0.000000 1615900489851 true
0 79 1586 0.000000 12 0.000000 0.000000 1615900489853 true
0 79 1582 0.000000 12 0.000000 0.000000 1615900489855 true
0 79 1573 0.000000 12 0.000000 0.000000 1615900489857 true
0 79 1571 0.000000 12 0.000000 0.000000 1615900490496 true
0 79 1559 0.000000 12 0.000000 0.000000 1615900490499 true
0 79 1559 0.000000 15 0.000000 0.000000 1615900490502 false
0 79 1555 0.000000 15 0.000000 0.000000 1615900490504 true
0 79 1558 0.000000 15 0.000000 0.000000 1615900490506 true
0 79 1574 0.000000 15 0.000000 0.000000 1615900490508 true
0 79 1589 0.000000 15 0.000000 0.000000 1615900490509 true
0 79 1610 0.000000 15 0.000000 0.000000 1615900490510 true
0 79 1631 0.000000 15 0.000000 0.000000 1615900491142 true
0 79 1633 0.000000 15 0.000000 0.000000 1615900491143 true
0 79 1643 0.000000 15 0.000000 0.000000 1615900491144 true
0 79 1652 0.000000 15 0.000000 0.000000 1615900491145 true
0 79 1664 0.000000 15 0.000000 0.000000 1615900491146 true
0 79 1661 0.000000 15 0.000000 0.000000 1615900491147 true
0 79 1655 0.000000 15 0.000000 0.000000 1615900491149 true
0 79 1635 0.000000 15 0.000000 0.000000 1615900491793 true
0 79 1611 0.000000 15 0.000000 0.000000 1615900491797 true
0 79 1584 0.000000 15 0.000000 0.000000 1615900491800 true
0 79 1563 0.000000 15 0.000000 0.000000 1615900491803 true
0 79 1539 0.000000 15 0.000000 0.000000 1615900491805 true
0 79 1523 0.000000 15 0.000000 0.000000 1615900491807 true
0 79 1519 0.000000 15 0.000000 0.000000 1615900491810 true
0 79 1507 0.000000 15 0.000000 0.000000 1615900492446 true
0 79 1503 0.000000 15 0.000000 0.000000 1615900492449 true
0 79 1504 0.000000 15 0.000000 0.000000 1615900492450 true
0 79 1498 0.000000 15 0.000000 0.000000 1615900492451 true
0 79 1492 0.000000 15 0.000000 0.000000 1615900492452 true
0 79 1499 0.000000 15 0.000000 0.000000 1615900492453 true
0 79 1499 0.000000 16 0.000000 0.000000 1615900492454 false
0 79 1530 0.000000 16 0.000000 0.000000 1615900492455 true
54 79 1530 0.000000 16 0.000000 0.000000 1615900493091 false
54 163 1530 0.000000 16 0.000000 0.000000 1615900493094 false
54 163 1561 0.000000 16 0.000000 0.000000 1615900493743 true
54 163 1585 0.000000 16 0.000000 0.000000 1615900493746 true
54 163 1619 0.000000 16 0.000000 0.000000 1615900493749 true
54 163 1649 0.000000 16 0.000000 0.000000 1615900493751 true
54 163 1667 0.000000 16 0.000000 0.000000 1615900493753 true
54 163 1682 0.000000 16 0.000000 0.000000 1615900493755 true
54 163 1679 0.000000 16 0.000000 0.000000 1615900493757 true
54 163 1660 0.000000 16 0.000000 0.000000 1615900494394 true
54 163 1626 0.000000 16 0.000000 0.000000 1615900494397 true
54 163 1592 0.000000 16 0.000000 0.000000 1615900494399 true
54 163 1562 0.000000 16 0.000000 0.000000 1615900494402 true
54 163 1543 0.000000 16 0.000000 0.000000 1615900494404 true
54 163 1527 0.000000 16 0.000000 0.000000 1615900494406 true
54 163 1517 0.000000 16 0.000000 0.000000 1615900494407 true
54 163 1501 0.000000 16 0.000000 0.000000 1615900495042 true
54 163 1493 0.000000 16 0.000000 0.000000 1615900495045 true
54 163 1491 0.000000 16 0.000000 0.000000 1615900495047 true
54 163 1488 0.000000 16 0.000000 0.000000 1615900495051 true
54 163 1487 0.000000 16 0.000000 0.000000 1615900495052 true
54 163 1483 0.000000 16 0.000000 0.000000 1615900495053 true
54 163 1483 0.000000 17 0.000000 0.000000 1615900495054 false
54 163 1484 0.000000 17 0.000000 0.000000 1615900495055 true
54 161 1484 0.000000 17 0.000000 0.000000 1615900495056 false
54 161 1478 0.000000 17 0.000000 0.000000 1615900495693 true
54 161 1472 0.000000 17 0.000000 0.000000 1615900495696 true
54 161 1480 0.000000 17 0.000000 0.000000 1615900495698 true
54 161 1489 0.000000 17 0.000000 0.000000 1615900495700 true
54 161 1507 0.000000 17 0.000000 0.000000 1615900495703 true
54 161 1521 0.000000 17 0.000000 0.000000 1615900495705 true
54 161 1545 0.000000 17 0.000000 0.000000 1615900495707 true
54 161 1568 0.000000 17 0.000000 0.000000 1615900496344 true
54 161 1583 0.000000 17 0.000000 0.000000 1615900496347 true
54 161 1602 0.000000 17 0.000000 0.000000 1615900496349 true
54 161 1612 0.000000 17 0.000000 0.000000 1615900496351 true
54 161 1621 0.000000 17 0.000000 0.000000 1615900496353 true
54 161 1636 0.000000 17 0.000000 0.000000 1615900496355 true
54 161 1634 0.000000 17 0.000000 0.000000 1615900496357 true
32 161 1634 0.000000 17 0.000000 0.000000 1615900496359 false
32 301 1634 0.000000 17 0.000000 0.000000 1615900496360 false
32 301 1627 0.000000 17 0.000000 0.000000 1615900496992 true
32 301 1607 0.000000 17 0.000000 0.000000 1615900496994 true
32 301 1610 0.000000 17 0.000000 0.000000 1615900496995 true
32 301 1608 0.000000 17 0.000000 0.000000 1615900496997 true
32 301 1594 0.000000 17 0.000000 0.000000 1615900496999 true
32 301 1578 0.000000 17 0.000000 0.000000 1615900497000 true
32 301 1569 0.000000 17 0.000000 0.000000 1615900497000 true
32 300 1569 0.000000 17 0.000000 0.000000 1615900497001 false
32 300 1556 0.000000 17 0.000000 0.000000 1615900497643 true
32 300 1546 0.000000 17 0.000000 0.000000 1615900497646 true
32 300 1541 0.000000 17 0.000000 0.000000 1615900497649 true
32 300 1534 0.000000 17 0.000000 0.000000 1615900497652 true
32 300 1524 0.000000 17 0.000000 0.000000 1615900497654 true
32 300 1526 0.000000 17 0.000000 0.000000 1615900497656 true
32 300 1526 0.000000 16 0.000000 0.000000 1615900497658 false
32 300 1520 0.000000 16 0.000000 0.000000 1615900497659 true
29 300 1520 0.000000 16 0.000000 0.000000 1615900498294 false
29 307 1520 0.000000 16 0.000000 0.000000 1615900498297 false
29 307 1516 0.000000 16 0.000000 0.000000 1615900498300 true
29 307 1519 0.000000 16 0.000000 0.000000 1615900498303 true
29 307 1512 0.000000 16 0.000000 0.000000 1615900498304 true
29 307 1514 0.000000 16 0.000000 0.000000 1615900498306 true
29 307 1511 0.000000 16 0.000000 0.000000 1615900498309 true
29 307 1512 0.000000 16 0.000000 0.000000 1615900498310 true
29 307 1507 0.000000 16 0.000000 0.000000 1615900498311 true
29 307 1507 0.000000 16 0.000000 0.000000 1615900498944 true
29 307 1505 0.000000 16 0.000000 0.000000 1615900498947 true
29 307 1509 0.000000 16 0.000000 0.000000 1615900498950 true
29 307 1505 0.000000 16 0.000000 0.000000 1615900498952 true
29 307 1506 0.000000 16 0.000000 0.000000 1615900498954 true
29 307 1502 0.000000 16 0.000000 0.000000 1615900498956 true
29 307 1503 0.000000 16 0.000000 0.000000 1615900498959 true
30 307 1503 0.000000 16 0.000000 0.000000 1615900498960 false
30 305 1503 0.000000 16 0.000000 0.000000 1615900498960 false
30 305 1500 0.000000 16 0.000000 0.000000 1615900499593 true
30 305 1499 0.000000 16 0.000000 0.000000 1615900499596 true
30 305 1496 0.000000 16 0.000000 0.000000 1615900499599 true
30 305 1493 0.000000 16 0.000000 0.000000 1615900499601 true
30 305 1496 0.000000 16 0.000000 0.000000 1615900499603 true
30 305 1495 0.000000 16 0.000000 0.000000 1615900499606 true
30 305 1512 0.000000 16 0.000000 0.000000 1615900499608 true
32 305 1512 0.000000 16 0.000000 0.000000 1615900500242 false
32 307 1512 0.000000 16 0.000000 0.000000 1615900500245 false
32 307 1541 0.000000 16 0.000000 0.000000 1615900500249 true
32 307 1563 0.000000 16 0.000000 0.000000 1615900500250 true
32 307 1581 0.000000 16 0.000000 0.000000 1615900500251 true
32 307 1605 0.000000 16 0.000000 0.000000 1615900500252 true
32 307 1616 0.000000 16 0.000000 0.000000 1615900500253 true
32 307 1631 0.000000 16 0.000000 0.000000 1615900500254 true
32 307 1631 0.000000 15 0.000000 0.000000 1615900500255 false
32 307 1644 0.000000 15 0.000000 0.000000 1615900500256 true
32 307 1659 0.000000 15 0.000000 0.000000 1615900500893 true
32 307 1672 0.000000 15 0.000000 0.000000 1615900500897 true
32 307 1666 0.000000 15 0.000000 0.000000 1615900500900 true
32 307 1665 0.000000 15 0.000000 0.000000 1615900500903 true
32 307 1659 0.000000 15 0.000000 0.000000 1615900500905 true
32 307 1644 0.000000 15 0.000000 0.000000 1615900500907 true
32 307 1641 0.000000 15 0.000000 0.000000 1615900500909 true
32 302 1641 0.000000 15 0.000000 0.000000 1615900501545 false
32 302 1622 0.000000 15 0.000000 0.000000 1615900501548 true
32 302 1609 0.000000 15 0.000000 0.000000 1615900501551 true
32 302 1600 0.000000 15 0.000000 0.000000 1615900501553 true
32 302 1586 0.000000 15 0.000000 0.000000 1615900501555 true
32 302 1569 0.000000 15 0.000000 0.000000 1615900501557 true
32 302 1551 0.000000 15 0.000000 0.000000 1615900501559 true
32 302 1539 0.000000 15 0.000000 0.000000 1615900501560 true
35 302 1539 0.000000 15 0.000000 0.000000 1615900502191 false
35 272 1539 0.000000 15 0.000000 0.000000 1615900502194 false
35 272 1527 0.000000 15 0.000000 0.000000 1615900502843 true
35 272 1515 0.000000 15 0.000000 0.000000 1615900502846 true
35 272 1507 0.000000 15 0.000000 0.000000 1615900502849 true
35 272 1498 0.000000 15 0.000000 0.000000 1615900502851 true
35 272 1498 0.000000 14 0.000000 0.000000 1615900502853 false
35 272 1499 0.000000 14 0.000000 0.000000 1615900502855 true
35 272 1495 0.000000 14 0.000000 0.000000 1615900502857 true
35 272 1494 0.000000 14 0.000000 0.000000 1615900502859 true
35 272 1489 0.000000 14 0.000000 0.000000 1615900503494 true
35 272 1498 0.000000 14 0.000000 0.000000 1615900503497 true
35 272 1492 0.000000 14 0.000000 0.000000 1615900503500 true
35 272 1488 0.000000 14 0.000000 0.000000 1615900503501 true
35 272 1486 0.000000 14 0.000000 0.000000 1615900503502 true
35 272 1489 0.000000 14 0.000000 0.000000 1615900503503 true
35 272 1490 0.000000 14 0.000000 0.000000 1615900503504 true
35 272 1494 0.000000 14 0.000000 0.000000 1615900504141 true
35 272 1503 0.000000 14 0.000000 0.000000 1615900504142 true
35 272 1523 0.000000 14 0.000000 0.000000 1615900504143 true
35 272 1552 0.000000 14 0.000000 0.000000 1615900504144 true
35 272 1572 0.000000 14 0.000000 0.000000 1615900504145 true
35 272 1590 0.000000 14 0.000000 0.000000 1615900504147 true
35 272 1601 0.000000 14 0.000000 0.000000 1615900504148 true
37 272 1601 0.000000 14 0.000000 0.000000 1615900504149 false
37 274 1601 0.000000 14 0.000000 0.000000 1615900504150 false
37 274 1615 0.000000 14 0.000000 0.000000 1615900504793 true
37 274 1626 0.000000 14 0.000000 0.000000 1615900504796 true
37 274 1631 0.000000 14 0.000000 0.000000 1615900504800 true
37 274 1631 0.000000 14 0.000000 0.000000 1615900504803 true
37 274 1625 0.000000 14 0.000000 0.000000 1615900504805 true
37 274 1624 0.000000 14 0.000000 0.000000 1615900504807 true
37 274 1602 0.000000 14 0.000000 0.000000 1615900504809 true
37 101 1602 0.000000 14 0.000000 0.000000 1615900505446 false
37 101 1583 0.000000 14 0.000000 0.000000 1615900505449 true
37 101 1573 0.000000 14 0.000000 0.000000 1615900505450 true
37 101 1555 0.000000 14 0.000000 0.000000 1615900505452 true
37 101 1544 0.000000 14 0.000000 0.000000 1615900505453 true
37 101 1536 0.000000 14 0.000000 0.000000 1615900505453 true
37 101 1518 0.000000 14 0.000000 0.000000 1615900505454 true
37 101 1512 0.000000 14 0.000000 0.000000 1615900505455 true
37 101 1503 0.000000 14 0.000000 0.000000 1615900506093 true
37 101 1506 0.000000 14 0.000000 0.000000 1615900506096 true
37 101 1499 0.000000 14 0.000000 0.000000 1615900506099 true
37 101 1505 0.000000 14 0.000000 0.000000 1615900506102 true
37 101 1519 0.000000 14 0.000000 0.000000 1615900506104 true
37 101 1494 0.000000 14 0.000000 0.000000 1615900506107 true
37 101 1494 0.000000 14 0.000000 0.000000 1615900506110 true
37 101 1499 0.000000 14 0.000000 0.000000 1615900506742 true
37 101 1501 0.000000 14 0.000000 0.000000 1615900506745 true
37 101 1499 0.000000 14 0.000000 0.000000 1615900506747 true
37 101 1498 0.000000 14 0.000000 0.000000 1615900506750 true
37 101 1495 0.000000 14 0.000000 0.000000 1615900506752 true
37 101 1499 0.000000 14 0.000000 0.000000 1615900506754 true
37 101 1497 0.000000 14 0.000000 0.000000 1615900506756 true
37 78 1497 0.000000 14 0.000000 0.000000 1615900507396 false
37 78 1496 0.000000 14 0.000000 0.000000 1615900507399 true
37 78 1499 0.000000 14 0.000000 0.000000 1615900507402 true
37 78 1502 0.000000 14 0.000000 0.000000 1615900507404 true
37 78 1525 0.000000 14 0.000000 0.000000 1615900507406 true
37 78 1543 0.000000 14 0.000000 0.000000 1615900507409 true
37 78 1562 0.000000 14 0.000000 0.000000 1615900507410 true
37 78 1582 0.000000 14 0.000000 0.000000 1615900507410 true
37 78 1594 0.000000 14 0.000000 0.000000 1615900508042 true
37 78 1611 0.000000 14 0.000000 0.000000 1615900508045 true
37 78 1622 0.000000 14 0.000000 0.000000 1615900508047 true
37 78 1631 0.000000 14 0.000000 0.000000 1615900508050 true
37 78 1642 0.000000 14 0.000000 0.000000 1615900508051 true
37 78 1647 0.000000 14 0.000000 0.000000 1615900508052 true
37 78 1654 0.000000 14 0.000000 0.000000 1615900508053 true
37 74 1654 0.000000 14 0.000000 0.000000 1615900508055 false
37 74 1650 0.000000 14 0.000000 0.000000 1615900508693 true
37 74 1643 0.000000 14 0.000000 0.000000 1615900508696 true
37 74 1638 0.000000 14 0.000000 0.000000 1615900508699 true
37 74 1626 0.000000 14 0.000000 0.000000 1615900508701 true
37 74 1611 0.000000 14 0.000000 0.000000 1615900508703 true
37 74 1606 0.000000 14 0.000000 0.000000 1615900508705 true
37 74 1591 0.000000 14 0.000000 0.000000 1615900508707 true
37 61 1591 0.000000 14 0.000000 0.000000 1615900509346 false
37 61 1578 0.000000 14 0.000000 0.000000 1615900509349 true
37 61 1568 0.000000 14 0.000000 0.000000 1615900509351 true
37 61 1552 0.000000 14 0.000000 0.000000 1615900509352 true
37 61 1541 0.000000 14 0.000000 0.000000 1615900509353 true
37 61 1526 0.000000 14 0.000000 0.000000 1615900509354 true
37 61 1522 0.000000 14 0.000000 0.000000 1615900509355 true
37 61 1521 0.000000 14 0.000000 0.000000 1615900509356 true
37 61 1514 0.000000 14 0.000000 0.000000 1615900509991 true
37 61 1507 0.000000 14 0.000000 0.000000 1615900509992 true
37 61 1507 0.000000 15 0.000000 0.000000 1615900509993 false
37 61 1505 0.000000 15 0.000000 0.000000 1615900509994 true
37 61 1503 0.000000 15 0.000000 0.000000 1615900509995 true
37 61 1495 0.000000 15 0.000000 0.000000 1615900509995 true
37 61 1493 0.000000 15 0.000000 0.000000 1615900509996 true
37 61 1491 0.000000 15 0.000000 0.000000 1615900509996 true
37 61 1494 0.000000 15 0.000000 0.000000 1615900510643 true
37 61 1490 0.000000 15 0.000000 0.000000 1615900510646 true
37 61 1489 0.000000 15 0.000000 0.000000 1615900510649 true
37 61 1490 0.000000 15 0.000000 0.000000 1615900510651 true
37 61 1488 0.000000 15 0.000000 0.000000 1615900510653 true
37 61 1493 0.000000 15 0.000000 0.000000 1615900510655 true
37 61 1491 0.000000 15 0.000000 0.000000 1615900510657 true
37 30 1491 0.000000 15 0.000000 0.000000 1615900511295 false
37 30 1487 0.000000 15 0.000000 0.000000 1615900511940 true
37 30 1489 0.000000 15 0.000000 0.000000 1615900511941 true
37 30 1495 0.000000 15 0.000000 0.000000 1615900511941 true
37 30 1504 0.000000 15 0.000000 0.000000 1615900511942 true
37 30 1525 0.000000 15 0.000000 0.000000 1615900511942 true
37 30 1542 0.000000 15 0.000000 0.000000 1615900511943 true
37 30 1562 0.000000 15 0.000000 0.000000 1615900511943 true
37 30 1576 0.000000 15 0.000000 0.000000 1615900512594 true
37 30 1595 0.000000 15 0.000000 0.000000 1615900512597 true
37 30 1606 0.000000 15 0.000000 0.000000 1615900512599 true
37 30 1622 0.000000 15 0.000000 0.000000 1615900512600 true
37 30 1622 0.000000 16 0.000000 0.000000 1615900512602 false
37 30 1637 0.000000 16 0.000000 0.000000 1615900512602 true
37 30 1641 0.000000 16 0.000000 0.000000 1615900512603 true
37 30 1633 0.000000 16 0.000000 0.000000 1615900512604 true
37 30 1620 0.000000 16 0.000000 0.000000 1615900513243 true
37 30 1612 0.000000 16 0.000000 0.000000 1615900513246 true
37 30 1596 0.000000 16 0.000000 0.000000 1615900513249 true
37 30 1588 0.000000 16 0.000000 0.000000 1615900513251 true
37 30 1576 0.000000 16 0.000000 0.000000 1615900513253 true
37 30 1560 0.000000 16 0.000000 0.000000 1615900513255 true
37 30 1547 0.000000 16 0.000000 0.000000 1615900513257 true
37 0 1547 0.000000 16 0.000000 0.000000 1615900513260 false
37 0 1537 0.000000 16 0.000000 0.000000 1615900513893 true
37 0 1523 0.000000 16 0.000000 0.000000 1615900513896 true
37 0 1512 0.000000 16 0.000000 0.000000 1615900513899 true
37 0 1508 0.000000 16 0.000000 0.000000 1615900513901 true
37 0 1507 0.000000 16 0.000000 0.000000 1615900513903 true
37 0 1499 0.000000 16 0.000000 0.000000 1615900513905 true
37 0 1501 0.000000 16 0.000000 0.000000 1615900513907 true
37 0 1492 0.000000 16 0.000000 0.000000 1615900514547 true
37 0 1491 0.000000 16 0.000000 0.000000 1615900514551 true
37 0 1490 0.000000 16 0.000000 0.000000 1615900514553 true
37 0 1487 0.000000 16 0.000000 0.000000 1615900514555 true
37 0 1493 0.000000 16 0.000000 0.000000 1615900514557 true
37 0 1487 0.000000 16 0.000000 0.000000 1615900514559 true
37 0 1488 0.000000 16 0.000000 0.000000 1615900514560 true
37 0 1486 0.000000 16 0.000000 0.000000 1615900515193 true
37 0 1488 0.000000 16 0.000000 0.000000 1615900515196 true
37 0 1492 0.000000 16 0.000000 0.000000 1615900515199 true
37 0 1496 0.000000 16 0.000000 0.000000 1615900515201 true
37 0 1504 0.000000 16 0.000000 0.000000 1615900515203 true
37 0 1520 0.000000 16 0.000000 0.000000 1615900515205 true
37 0 1549 0.000000 16 0.000000 0.000000 1615900515207 true
37 0 1575 0.000000 16 0.000000 0.000000 1615900515843 true
37 0 1590 0.000000 16 0.000000 0.000000 1615900515846 true
37 0 1608 0.000000 16 0.000000 0.000000 1615900515849 true
37 0 1626 0.000000 16 0.000000 0.000000 1615900515851 true
37 0 1635 0.000000 16 0.000000 0.000000 1615900515854 true
37 0 1649 0.000000 16 0.000000 0.000000 1615900515857 true
37 0 1650 0.000000 16 0.000000 0.000000 1615900515859 true
37 0 1648 0.000000 16 0.000000 0.000000 1615900516497 true
37 0 1644 0.000000 16 0.000000 0.000000 1615900516500 true
37 0 1639 0.000000 16 0.000000 0.000000 1615900516502 true
37 0 1623 0.000000 16 0.000000 0.000000 1615900516504 true
37 0 1613 0.000000 16 0.000000 0.000000 1615900516506 true
37 0 1597 0.000000 16 0.000000 0.000000 1615900516509 true
37 0 1580 0.000000 16 0.000000 0.000000 1615900516509 true
37 0 1565 0.000000 16 0.000000 0.000000 1615900517143 true
37 0 1548 0.000000 16 0.000000 0.000000 1615900517146 true
37 0 1538 0.000000 16 0.000000 0.000000 1615900517149 true
37 0 1521 0.000000 16 0.000000 0.000000 1615900517150 true
37 0 1511 0.000000 16 0.000000 0.000000 1615900517151 true
37 0 1507 0.000000 16 0.000000 0.000000 1615900517152 true
37 0 1503 0.000000 16 0.000000 0.000000 1615900517153 true
37 0 1495 0.000000 16 0.000000 0.000000 1615900517794 true
37 0 1491 0.000000 16 0.000000 0.000000 1615900517797 true
37 0 1486 0.000000 16 0.000000 0.000000 1615900517801 true
37 0 1486 0.000000 16 0.000000 0.000000 1615900517803 true
37 0 1491 0.000000 16 0.000000 0.000000 1615900517805 true
37 0 1488 0.000000 16 0.000000 0.000000 1615900517807 true
37 0 1488 0.000000 16 0.000000 0.000000 1615900517809 true
37 0 1489 0.000000 16 0.000000 0.000000 1615900518447 true
37 0 1490 0.000000 16 0.000000 0.000000 1615900518450 true
37 0 1491 0.000000 16 0.000000 0.000000 1615900518452 true
37 0 1488 0.000000 16 0.000000 0.000000 1615900518454 true
37 0 1485 0.000000 16 0.000000 0.000000 1615900518456 true
37 0 1488 0.000000 16 0.000000 0.000000 1615900518459 true
37 0 1489 0.000000 16 0.000000 0.000000 1615900518460 true
37 0 1496 0.000000 16 0.000000 0.000000 1615900519096 true
37 0 1512 0.000000 16 0.000000 0.000000 1615900519100 true
37 0 1527 0.000000 16 0.000000 0.000000 1615900519102 true
37 0 1544 0.000000 16 0.000000 0.000000 1615900519105 true
37 0 1564 0.000000 16 0.000000 0.000000 1615900519107 true
37 0 1581 0.000000 16 0.000000 0.000000 1615900519109 true
37 0 1597 0.000000 16 0.000000 0.000000 1615900519110 true
37 0 1620 0.000000 16 0.000000 0.000000 1615900519744 true
37 0 1632 0.000000 16 0.000000 0.000000 1615900519747 true
37 0 1656 0.000000 16 0.000000 0.000000 1615900519751 true
37 0 1667 0.000000 16 0.000000 0.000000 1615900519753 true
37 0 1666 0.000000 16 0.000000 0.000000 1615900519755 true
37 0 1652 0.000000 16 0.000000 0.000000 1615900519757 true
37 0 1642 0.000000 16 0.000000 0.000000 1615900519759 true
37 0 1625 0.000000 16 0.000000 0.000000 1615900521042 true
37 0 1604 0.000000 16 0.000000 0.000000 1615900521045 true
37 0 1594 0.000000 16 0.000000 0.000000 1615900521049 true
37 0 1571 0.000000 16 0.000000 0.000000 1615900521050 true
37 0 1550 0.000000 16 0.000000 0.000000 1615900521051 true
37 0 1537 0.000000 16 0.000000 0.000000 1615900521052 true
37 0 1528 0.000000 16 0.000000 0.000000 1615900521053 true
37 0 1519 0.000000 16 0.000000 0.000000 1615900521694 true
37 0 1510 0.000000 16 0.000000 0.000000 1615900521697 true
37 0 1506 0.000000 16 0.000000 0.000000 1615900521699 true
37 0 1496 0.000000 16 0.000000 0.000000 1615900521702 true
37 0 1492 0.000000 16 0.000000 0.000000 1615900521704 true
37 0 1490 0.000000 16 0.000000 0.000000 1615900521706 true
37 0 1493 0.000000 16 0.000000 0.000000 1615900521709 true
37 0 1487 0.000000 16 0.000000 0.000000 1615900522344 true
37 0 1492 0.000000 16 0.000000 0.000000 1615900522348 true
37 0 1493 0.000000 16 0.000000 0.000000 1615900522350 true
37 0 1492 0.000000 16 0.000000 0.000000 1615900522351 true
37 0 1497 0.000000 16 0.000000 0.000000 1615900522352 true
37 0 1502 0.000000 16 0.000000 0.000000 1615900522353 true
37 0 1506 0.000000 16 0.000000 0.000000 1615900522354 true
37 0 1526 0.000000 16 0.000000 0.000000 1615900522993 true
37 0 1550 0.000000 16 0.000000 0.000000 1615900522995 true
37 0 1569 0.000000 16 0.000000 0.000000 1615900522997 true
37 0 1587 0.000000 16 0.000000 0.000000 1615900523001 true
37 0 1601 0.000000 16 0.000000 0.000000 1615900523002 true
37 0 1612 0.000000 16 0.000000 0.000000 1615900523003 true
37 0 1621 0.000000 16 0.000000 0.000000 1615900523004 true
37 0 1622 0.000000 16 0.000000 0.000000 1615900523644 true
37 0 1618 0.000000 16 0.000000 0.000000 1615900523647 true
37 0 1613 0.000000 16 0.000000 0.000000 1615900523651 true
37 0 1596 0.000000 16 0.000000 0.000000 1615900523653 true
37 0 1592 0.000000 16 0.000000 0.000000 1615900523655 true
37 0 1559 0.000000 16 0.000000 0.000000 1615900523657 true
37 0 1539 0.000000 16 0.000000 0.000000 1615900523659 true
37 0 1525 0.000000 16 0.000000 0.000000 1615900524294 true
37 0 1512 0.000000 16 0.000000 0.000000 1615900524297 true
37 0 1505 0.000000 16 0.000000 0.000000 1615900524300 true
37 0 1498 0.000000 16 0.000000 0.000000 1615900524301 true
37 0 1492 0.000000 16 0.000000 0.000000 1615900524302 true
37 0 1490 0.000000 16 0.000000 0.000000 1615900524303 true
37 0 1493 0.000000 16 0.000000 0.000000 1615900524304 true
23 0 1493 0.000000 16 0.000000 0.000000 1615900524305 false
23 329 1493 0.000000 16 0.000000 0.000000 1615900524306 false
23 329 1489 0.000000 16 0.000000 0.000000 1615900524944 true
23 329 1489 0.000000 17 0.000000 0.000000 1615900524948 false
23 329 1486 0.000000 17 0.000000 0.000000 1615900524950 true
23 329 1485 0.000000 17 0.000000 0.000000 1615900524952 true
23 329 1487 0.000000 17 0.000000 0.000000 1615900524954 true
23 329 1482 0.000000 17 0.000000 0.000000 1615900524956 true
23 329 1482 0.000000 17 0.000000 0.000000 1615900524959 true
23 329 1488 0.000000 17 0.000000 0.000000 1615900524960 true
23 329 1495 0.000000 17 0.000000 0.000000 1615900525594 true
23 329 1518 0.000000 17 0.000000 0.000000 1615900525597 true
23 329 1535 0.000000 17 0.000000 0.000000 1615900525599 true
23 329 1555 0.000000 17 0.000000 0.000000 1615900525602 true
23 329 1573 0.000000 17 0.000000 0.000000 1615900525604 true
23 329 1598 0.000000 17 0.000000 0.000000 1615900525606 true
23 329 1617 0.000000 17 0.000000 0.000000 1615900525609 true
23 329 1628 0.000000 17 0.000000 0.000000 1615900526246 true
23 329 1638 0.000000 17 0.000000 0.000000 1615900526249 true
23 329 1630 0.000000 17 0.000000 0.000000 1615900526250 true
23 329 1618 0.000000 17 0.000000 0.000000 1615900526251 true
23 329 1608 0.000000 17 0.000000 0.000000 1615900526252 true
23 329 1596 0.000000 17 0.000000 0.000000 1615900526253 true
23 329 1584 0.000000 17 0.000000 0.000000 1615900526254 true
23 329 1570 0.000000 17 0.000000 0.000000 1615900526894 true
23 329 1559 0.000000 17 0.000000 0.000000 1615900526897 true
23 329 1552 0.000000 17 0.000000 0.000000 1615900526899 true
23 329 1532 0.000000 17 0.000000 0.000000 1615900526900 true
23 329 1526 0.000000 17 0.000000 0.000000 1615900526900 true
23 329 1517 0.000000 17 0.000000 0.000000 1615900526901 true
23 329 1516 0.000000 17 0.000000 0.000000 1615900526901 true
26 329 1516 0.000000 17 0.000000 0.000000 1615900527543 false
26 343 1516 0.000000 17 0.000000 0.000000 1615900527546 false
26 343 1511 0.000000 17 0.000000 0.000000 1615900527549 true
26 343 1507 0.000000 17 0.000000 0.000000 1615900527551 true
26 343 1504 0.000000 17 0.000000 0.000000 1615900527552 true
26 343 1501 0.000000 17 0.000000 0.000000 1615900527553 true
26 343 1497 0.000000 17 0.000000 0.000000 1615900527554 true
26 343 1494 0.000000 17 0.000000 0.000000 1615900527555 true
26 343 1490 0.000000 17 0.000000 0.000000 1615900527556 true
26 343 1487 0.000000 17 0.000000 0.000000 1615900528196 true
26 343 1493 0.000000 17 0.000000 0.000000 1615900528199 true
26 343 1502 0.000000 17 0.000000 0.000000 1615900528200 true
26 343 1520 0.000000 17 0.000000 0.000000 1615900528201 true
26 343 1539 0.000000 17 0.000000 0.000000 1615900528202 true
26 343 1557 0.000000 17 0.000000 0.000000 1615900528203 true
26 343 1576 0.000000 17 0.000000 0.000000 1615900528204 true
26 343 1598 0.000000 17 0.000000 0.000000 1615900528844 true
26 343 1612 0.000000 17 0.000000 0.000000 1615900528847 true
26 343 1619 0.000000 17 0.000000 0.000000 1615900528850 true
26 343 1628 0.000000 17 0.000000 0.000000 1615900528852 true
26 343 1626 0.000000 17 0.000000 0.000000 1615900528854 true
26 343 1615 0.000000 17 0.000000 0.000000 1615900528856 true
26 343 1603 0.000000 17 0.000000 0.000000 1615900528859 true
30 343 1603 0.000000 17 0.000000 0.000000 1615900529494 false
30 358 1603 0.000000 17 0.000000 0.000000 1615900529497 false
30 358 1579 0.000000 17 0.000000 0.000000 1615900529500 true
30 358 1561 0.000000 17 0.000000 0.000000 1615900529502 true
30 358 1552 0.000000 17 0.000000 0.000000 1615900529504 true
30 358 1538 0.000000 17 0.000000 0.000000 1615900529506 true
30 358 1523 0.000000 17 0.000000 0.000000 1615900529509 true
30 358 1519 0.000000 17 0.000000 0.000000 1615900529509 true
30 358 1509 0.000000 17 0.000000 0.000000 1615900529510 true
35 358 1509 0.000000 17 0.000000 0.000000 1615900530141 false
35 371 1509 0.000000 17 0.000000 0.000000 1615900530144 false
35 371 1501 0.000000 17 0.000000 0.000000 1615900530794 true
35 371 1496 0.000000 17 0.000000 0.000000 1615900530797 true
35 371 1494 0.000000 17 0.000000 0.000000 1615900530799 true
35 371 1492 0.000000 17 0.000000 0.000000 1615900530803 true
35 371 1490 0.000000 17 0.000000 0.000000 1615900530805 true
35 371 1491 0.000000 17 0.000000 0.000000 1615900530807 true
35 371 1493 0.000000 17 0.000000 0.000000 1615900530809 true
35 371 1492 0.000000 17 0.000000 0.000000 1615900531444 true
35 371 1490 0.000000 17 0.000000 0.000000 1615900531447 true
35 371 1494 0.000000 17 0.000000 0.000000 1615900531450 true
35 371 1503 0.000000 17 0.000000 0.000000 1615900531452 true
35 371 1519 0.000000 17 0.000000 0.000000 1615900531454 true
35 371 1539 0.000000 17 0.000000 0.000000 1615900531456 true
35 371 1555 0.000000 17 0.000000 0.000000 1615900531458 true
35 371 1577 0.000000 17 0.000000 0.000000 1615900532093 true
35 371 1599 0.000000 17 0.000000 0.000000 1615900532096 true
35 371 1609 0.000000 17 0.000000 0.000000 1615900532099 true
35 371 1624 0.000000 17 0.000000 0.000000 1615900532102 true
35 371 1624 0.000000 17 0.000000 0.000000 1615900532104 true
35 371 1630 0.000000 17 0.000000 0.000000 1615900532106 true
35 371 1621 0.000000 17 0.000000 0.000000 1615900532109 true
38 371 1621 0.000000 17 0.000000 0.000000 1615900532111 false
38 374 1621 0.000000 17 0.000000 0.000000 1615900532112 false
38 374 1615 0.000000 17 0.000000 0.000000 1615900532744 true
38 374 1601 0.000000 17 0.000000 0.000000 1615900532747 true
38 374 1580 0.000000 17 0.000000 0.000000 1615900532750 true
38 374 1559 0.000000 17 0.000000 0.000000 1615900532752 true
38 374 1543 0.000000 17 0.000000 0.000000 1615900532754 true
38 374 1534 0.000000 17 0.000000 0.000000 1615900532756 true
38 374 1520 0.000000 17 0.000000 0.000000 1615900532759 true
38 178 1520 0.000000 17 0.000000 0.000000 1615900533396 false
38 178 1515 0.000000 17 0.000000 0.000000 1615900533399 true
38 178 1513 0.000000 17 0.000000 0.000000 1615900533402 true
38 178 1506 0.000000 17 0.000000 0.000000 1615900533404 true
38 178 1502 0.000000 17 0.000000 0.000000 1615900533406 true
38 178 1496 0.000000 17 0.000000 0.000000 1615900533408 true
38 178 1496 0.000000 16 0.000000 0.000000 1615900533410 false
38 178 1493 0.000000 16 0.000000 0.000000 1615900533410 true
38 178 1494 0.000000 16 0.000000 0.000000 1615900533410 true
38 178 1498 0.000000 16 0.000000 0.000000 1615900534043 true
38 178 1504 0.000000 16 0.000000 0.000000 1615900534045 true
38 178 1525 0.000000 16 0.000000 0.000000 1615900534050 true
38 178 1541 0.000000 16 0.000000 0.000000 1615900534052 true
38 178 1557 0.000000 16 0.000000 0.000000 1615900534054 true
38 178 1571 0.000000 16 0.000000 0.000000 1615900534056 true
38 178 1585 0.000000 16 0.000000 0.000000 1615900534058 true
38 178 1600 0.000000 16 0.000000 0.000000 1615900534692 true
38 178 1612 0.000000 16 0.000000 0.000000 1615900534695 true
38 178 1609 0.000000 16 0.000000 0.000000 1615900534697 true
38 178 1612 0.000000 16 0.000000 0.000000 1615900534701 true
38 178 1597 0.000000 16 0.000000 0.000000 1615900534702 true
38 178 1583 0.000000 16 0.000000 0.000000 1615900534703 true
38 178 1560 0.000000 16 0.000000 0.000000 1615900534704 true
38 178 1548 0.000000 16 0.000000 0.000000 1615900535347 true
38 178 1541 0.000000 16 0.000000 0.000000 1615900535350 true
38 178 1532 0.000000 16 0.000000 0.000000 1615900535351 true
38 178 1523 0.000000 16 0.000000 0.000000 1615900535352 true
38 178 1514 0.000000 16 0.000000 0.000000 1615900535353 true
38 178 1510 0.000000 16 0.000000 0.000000 1615900535354 true
38 178 1502 0.000000 16 0.000000 0.000000 1615900535355 true
38 178 1490 0.000000 16 0.000000 0.000000 1615900535992 true
38 178 1490 0.000000 16 0.000000 0.000000 1615900535994 true
38 178 1490 0.000000 16 0.000000 0.000000 1615900535997 true
38 178 1490 0.000000 16 0.000000 0.000000 1615900536000 true
38 178 1483 0.000000 16 0.000000 0.000000 1615900536001 true
38 178 1483 0.000000 16 0.000000 0.000000 1615900536001 true
38 178 1498 0.000000 16 0.000000 0.000000 1615900536003 true
38 147 1498 0.000000 16 0.000000 0.000000 1615900536004 false
38 147 1521 0.000000 16 0.000000 0.000000 1615900536644 true
38 147 1539 0.000000 16 0.000000 0.000000 1615900536647 true
38 147 1555 0.000000 16 0.000000 0.000000 1615900536649 true
38 147 1572 0.000000 16 0.000000 0.000000 1615900536651 true
38 147 1590 0.000000 16 0.000000 0.000000 1615900536653 true
38 147 1600 0.000000 16 0.000000 0.000000 1615900536655 true
38 147 1614 0.000000 16 0.000000 0.000000 1615900536657 true
38 147 1620 0.000000 16 0.000000 0.000000 1615900537297 true
38 147 1623 0.000000 16 0.000000 0.000000 1615900537301 true
38 147 1616 0.000000 16 0.000000 0.000000 1615900537303 true
38 147 1611 0.000000 16 0.000000 0.000000 1615900537305 true
38 147 1597 0.000000 16 0.000000 0.000000 1615900537307 true
38 147 1585 0.000000 16 0.000000 0.000000 1615900537309 true
38 147 1573 0.000000 16 0.000000 0.000000 1615900537310 true
38 147 1558 0.000000 16 0.000000 0.000000 1615900537945 true
38 147 1547 0.000000 16 0.000000 0.000000 1615900537948 true
38 147 1537 0.000000 16 0.000000 0.000000 1615900537951 true
38 147 1528 0.000000 16 0.000000 0.000000 1615900537953 true
38 147 1515 0.000000 16 0.000000 0.000000 1615900537955 true
38 147 1512 0.000000 16 0.000000 0.000000 1615900537957 true
38 147 1506 0.000000 16 0.000000 0.000000 1615900537960 true
38 105 1506 0.000000 16 0.000000 0.000000 1615900537961 false
38 105 1513 0.000000 16 0.000000 0.000000 1615900538594 true
38 105 1502 0.000000 16 0.000000 0.000000 1615900538597 true
38 105 1502 0.000000 14 0.000000 0.000000 1615900538600 false
38 105 1502 0.000000 14 0.000000 0.000000 1615900538602 true
38 105 1500 0.000000 14 0.000000 0.000000 1615900538604 true
38 105 1503 0.000000 14 0.000000 0.000000 1615900538606 true
38 105 1492 0.000000 14 0.000000 0.000000 1615900538609 true
38 105 1496 0.000000 14 0.000000 0.000000 1615900538609 true
38 45 1496 0.000000 14 0.000000 0.000000 1615900539244 false
38 45 1502 0.000000 14 0.000000 0.000000 1615900539894 true
38 45 1519 0.000000 14 0.000000 0.000000 1615900539897 true
38 45 1535 0.000000 14 0.000000 0.000000 1615900539900 true
38 45 1562 0.000000 14 0.000000 0.000000 1615900539902 true
38 45 1577 0.000000 14 0.000000 0.000000 1615900539904 true
38 45 1599 0.000000 14 0.000000 0.000000 1615900539907 true
38 45 1619 0.000000 14 0.000000 0.000000 1615900539909 true
38 45 1614 0.000000 14 0.000000 0.000000 1615900540547 true
38 45 1617 0.000000 14 0.000000 0.000000 1615900540551 true
38 45 1617 0.000000 14 0.000000 0.000000 1615900540553 true
38 45 1617 0.000000 14 0.000000 0.000000 1615900540555 true
38 45 1617 0.000000 13 0.000000 0.000000 1615900540557 false
38 45 1611 0.000000 13 0.000000 0.000000 1615900540559 true
38 45 1594 0.000000 13 0.000000 0.000000 1615900540560 true
38 45 1580 0.000000 13 0.000000 0.000000 1615900540561 true
38 45 1566 0.000000 13 0.000000 0.000000 1615900541193 true
38 45 1555 0.000000 13 0.000000 0.000000 1615900541196 true
38 45 1543 0.000000 13 0.000000 0.000000 1615900541199 true
38 45 1538 0.000000 13 0.000000 0.000000 1615900541201 true
38 45 1525 0.000000 13 0.000000 0.000000 1615900541203 true
38 45 1538 0.000000 13 0.000000 0.000000 1615900541205 true
38 45 1516 0.000000 13 0.000000 0.000000 1615900541207 true
38 0 1516 0.000000 13 0.000000 0.000000 1615900541210 false
38 0 1514 0.000000 13 0.000000 0.000000 1615900541844 true
38 0 1507 0.000000 13 0.000000 0.000000 1615900541847 true
38 0 1507 0.000000 18 0.000000 0.000000 1615900541850 false
38 0 1502 0.000000 18 0.000000 0.000000 1615900541852 true
38 0 1498 0.000000 18 0.000000 0.000000 1615900541854 true
38 0 1497 0.000000 18 0.000000 0.000000 1615900541856 true
38 0 1497 0.000000 18 0.000000 0.000000 1615900541859 true
38 0 1500 0.000000 18 0.000000 0.000000 1615900541860 true
38 0 1512 0.000000 18 0.000000 0.000000 1615900542496 true
38 0 1526 0.000000 18 0.000000 0.000000 1615900542499 true
38 0 1547 0.000000 18 0.000000 0.000000 1615900542501 true
38 0 1560 0.000000 18 0.000000 0.000000 1615900542503 true
38 0 1578 0.000000 18 0.000000 0.000000 1615900542505 true
38 0 1596 0.000000 18 0.000000 0.000000 1615900542507 true
38 0 1613 0.000000 18 0.000000 0.000000 1615900542509 true
38 0 1623 0.000000 18 0.000000 0.000000 1615900543141 true
38 0 1628 0.000000 18 0.000000 0.000000 1615900543143 true
38 0 1623 0.000000 18 0.000000 0.000000 1615900543144 true
38 0 1615 0.000000 18 0.000000 0.000000 1615900543145 true
38 0 1599 0.000000 18 0.000000 0.000000 1615900543146 true
38 0 1584 0.000000 18 0.000000 0.000000 1615900543147 true
38 0 1571 0.000000 18 0.000000 0.000000 1615900543148 true
38 0 1560 0.000000 18 0.000000 0.000000 1615900543794 true
38 0 1550 0.000000 18 0.000000 0.000000 1615900543797 true
38 0 1542 0.000000 18 0.000000 0.000000 1615900543800 true
38 0 1531 0.000000 18 0.000000 0.000000 1615900543802 true
38 0 1523 0.000000 18 0.000000 0.000000 1615900543804 true
38 0 1515 0.000000 18 0.000000 0.000000 1615900543806 true
38 0 1511 0.000000 18 0.000000 0.000000 1615900543809 true
38 0 1505 0.000000 18 0.000000 0.000000 1615900544447 true
38 0 1508 0.000000 18 0.000000 0.000000 1615900544450 true
38 0 1508 0.000000 21 0.000000 0.000000 1615900544453 false
38 0 1504 0.000000 21 0.000000 0.000000 1615900544454 true
38 0 1498 0.000000 21 0.000000 0.000000 1615900544456 true
38 0 1500 0.000000 21 0.000000 0.000000 1615900544459 true
38 0 1496 0.000000 21 0.000000 0.000000 1615900544460 true
38 0 1495 0.000000 21 0.000000 0.000000 1615900544460 true
38 0 1493 0.000000 21 0.000000 0.000000 1615900545094 true
38 0 1502 0.000000 21 0.000000 0.000000 1615900545097 true
38 0 1520 0.000000 21 0.000000 0.000000 1615900545099 true
38 0 1535 0.000000 21 0.000000 0.000000 1615900545102 true
38 0 1552 0.000000 21 0.000000 0.000000 1615900545104 true
38 0 1572 0.000000 21 0.000000 0.000000 1615900545106 true
38 0 1595 0.000000 21 0.000000 0.000000 1615900545109 true
38 0 1613 0.000000 21 0.000000 0.000000 1615900545744 true
38 0 1617 0.000000 21 0.000000 0.000000 1615900545747 true
38 0 1627 0.000000 21 0.000000 0.000000 1615900545749 true
38 0 1623 0.000000 21 0.000000 0.000000 1615900545752 true
38 0 1620 0.000000 21 0.000000 0.000000 1615900545754 true
38 0 1608 0.000000 21 0.000000 0.000000 1615900545756 true
38 0 1599 0.000000 21 0.000000 0.000000 1615900545759 true
23 0 1599 0.000000 21 0.000000 0.000000 1615900546390 false
23 343 1599 0.000000 21 0.000000 0.000000 1615900546391 false
23 343 1586 0.000000 21 0.000000 0.000000 1615900546392 true
23 343 1576 0.000000 21 0.000000 0.000000 1615900546392 true
23 343 1564 0.000000 21 0.000000 0.000000 1615900546392 true
23 343 1559 0.000000 21 0.000000 0.000000 1615900546393 true
23 343 1552 0.000000 21 0.000000 0.000000 1615900546393 true
23 343 1543 0.000000 21 0.000000 0.000000 1615900546393 true
23 343 1531 0.000000 21 0.000000 0.000000 1615900546394 true
23 343 1526 0.000000 21 0.000000 0.000000 1615900547046 true
23 343 1523 0.000000 21 0.000000 0.000000 1615900547049 true
23 343 1514 0.000000 21 0.000000 0.000000 1615900547050 true
23 343 1514 0.000000 23 0.000000 0.000000 1615900547051 false
23 343 1508 0.000000 23 0.000000 0.000000 1615900547052 true
23 343 1501 0.000000 23 0.000000 0.000000 1615900547053 true
23 343 1503 0.000000 23 0.000000 0.000000 1615900547054 true
23 343 1497 0.000000 23 0.000000 0.000000 1615900547055 true
23 343 1494 0.000000 23 0.000000 0.000000 1615900547694 true
23 343 1489 0.000000 23 0.000000 0.000000 1615900547697 true
23 343 1493 0.000000 23 0.000000 0.000000 1615900547700 true
23 343 1494 0.000000 23 0.000000 0.000000 1615900547702 true
23 343 1502 0.000000 23 0.000000 0.000000 1615900547704 true
23 343 1513 0.000000 23 0.000000 0.000000 1615900547706 true
23 343 1528 0.000000 23 0.000000 0.000000 1615900547709 true
23 343 1544 0.000000 23 0.000000 0.000000 1615900548994 true
23 343 1560 0.000000 23 0.000000 0.000000 1615900548997 true
23 343 1577 0.000000 23 0.000000 0.000000 1615900548999 true
23 343 1595 0.000000 23 0.000000 0.000000 1615900549000 true
23 343 1619 0.000000 23 0.000000 0.000000 1615900549001 true
23 343 1640 0.000000 23 0.000000 0.000000 1615900549002 true
23 343 1649 0.000000 23 0.000000 0.000000 1615900549003 true
23 343 1651 0.000000 23 0.000000 0.000000 1615900549644 true
23 343 1641 0.000000 23 0.000000 0.000000 1615900549647 true
23 343 1637 0.000000 23 0.000000 0.000000 1615900549649 true
23 343 1627 0.000000 23 0.000000 0.000000 1615900549651 true
23 343 1614 0.000000 23 0.000000 0.000000 1615900549653 true
23 343 1597 0.000000 23 0.000000 0.000000 1615900549655 true
23 343 1576 0.000000 23 0.000000 0.000000 1615900549657 true
23 343 1565 0.000000 23 0.000000 0.000000 1615900550294 true
23 343 1553 0.000000 23 0.000000 0.000000 1615900550297 true
23 343 1536 0.000000 23 0.000000 0.000000 1615900550299 true
23 343 1528 0.000000 23 0.000000 0.000000 1615900550301 true
23 343 1512 0.000000 23 0.000000 0.000000 1615900550302 true
23 343 1507 0.000000 23 0.000000 0.000000 1615900550302 true
23 343 1504 0.000000 23 0.000000 0.000000 1615900550303 true
21 343 1504 0.000000 23 0.000000 0.000000 1615900550305 false
21 353 1504 0.000000 23 0.000000 0.000000 1615900550306 false
21 353 1501 0.000000 23 0.000000 0.000000 1615900550944 true
21 353 1501 0.000000 25 0.000000 0.000000 1615900550948 false
21 353 1497 0.000000 25 0.000000 0.000000 1615900550950 true
21 353 1496 0.000000 25 0.000000 0.000000 1615900550952 true
21 353 1496 0.000000 25 0.000000 0.000000 1615900550954 true
21 353 1500 0.000000 25 0.000000 0.000000 1615900550956 true
21 353 1512 0.000000 25 0.000000 0.000000 1615900550959 true
21 353 1535 0.000000 25 0.000000 0.000000 1615900550959 true
21 353 1558 0.000000 25 0.000000 0.000000 1615900551594 true
21 353 1573 0.000000 25 0.000000 0.000000 1615900551597 true
21 353 1595 0.000000 25 0.000000 0.000000 1615900551600 true
21 353 1609 0.000000 25 0.000000 0.000000 1615900551602 true
21 353 1617 0.000000 25 0.000000 0.000000 1615900551604 true
21 353 1625 0.000000 25 0.000000 0.000000 1615900551606 true
21 353 1622 0.000000 25 0.000000 0.000000 1615900551609 true
21 353 1618 0.000000 25 0.000000 0.000000 1615900552243 true
21 353 1611 0.000000 25 0.000000 0.000000 1615900552246 true
21 353 1588 0.000000 25 0.000000 0.000000 1615900552249 true
21 353 1575 0.000000 25 0.000000 0.000000 1615900552250 true
21 353 1561 0.000000 25 0.000000 0.000000 1615900552251 true
21 353 1550 0.000000 25 0.000000 0.000000 1615900552252 true
21 353 1537 0.000000 25 0.000000 0.000000 1615900552253 true
21 353 1522 0.000000 25 0.000000 0.000000 1615900552894 true
21 353 1513 0.000000 25 0.000000 0.000000 1615900552897 true
21 353 1504 0.000000 25 0.000000 0.000000 1615900552899 true
21 353 1507 0.000000 25 0.000000 0.000000 1615900552902 true
21 353 1498 0.000000 25 0.000000 0.000000 1615900552904 true
21 353 1495 0.000000 25 0.000000 0.000000 1615900552906 true
21 353 1495 0.000000 26 0.000000 0.000000 1615900552909 false
21 353 1495 0.000000 26 0.000000 0.000000 1615900552910 true
21 353 1493 0.000000 26 0.000000 0.000000 1615900553547 true
21 353 1491 0.000000 26 0.000000 0.000000 1615900553551 true
21 353 1485 0.000000 26 0.000000 0.000000 1615900553553 true
21 353 1485 0.000000 26 0.000000 0.000000 1615900553555 true
21 353 1482 0.000000 26 0.000000 0.000000 1615900553557 true
21 353 1484 0.000000 26 0.000000 0.000000 1615900553559 true
21 353 1484 0.000000 26 0.000000 0.000000 1615900553560 true
21 353 1485 0.000000 26 0.000000 0.000000 1615900554195 true
21 353 1485 0.000000 26 0.000000 0.000000 1615900554198 true
21 353 1500 0.000000 26 0.000000 0.000000 1615900554199 true
21 353 1516 0.000000 26 0.000000 0.000000 1615900554201 true
21 353 1535 0.000000 26 0.000000 0.000000 1615900554201 true
21 353 1558 0.000000 26 0.000000 0.000000 1615900554202 true
21 353 1578 0.000000 26 0.000000 0.000000 1615900554203 true
21 353 1595 0.000000 26 0.000000 0.000000 1615900554845 true
21 353 1609 0.000000 26 0.000000 0.000000 1615900554848 true
21 353 1624 0.000000 26 0.000000 0.000000 1615900554850 true
21 353 1623 0.000000 26 0.000000 0.000000 1615900554852 true
21 353 1622 0.000000 26 0.000000 0.000000 1615900554854 true
21 353 1608 0.000000 26 0.000000 0.000000 1615900554856 true
21 353 1595 0.000000 26 0.000000 0.000000 1615900554859 true
21 82 1595 0.000000 26 0.000000 0.000000 1615900555496 false
21 82 1566 0.000000 26 0.000000 0.000000 1615900555499 true
21 82 1557 0.000000 26 0.000000 0.000000 1615900555501 true
21 82 1544 0.000000 26 0.000000 0.000000 1615900555503 true
21 82 1531 0.000000 26 0.000000 0.000000 1615900555505 true
21 82 1521 0.000000 26 0.000000 0.000000 1615900555507 true
21 82 1526 0.000000 26 0.000000 0.000000 1615900555509 true
21 82 1528 0.000000 26 0.000000 0.000000 1615900555510 true
21 82 1517 0.000000 26 0.000000 0.000000 1615900556143 true
21 82 1525 0.000000 26 0.000000 0.000000 1615900556145 true
21 82 1521 0.000000 26 0.000000 0.000000 1615900556146 true
21 82 1521 0.000000 22 0.000000 0.000000 1615900556147 false
21 82 1520 0.000000 22 0.000000 0.000000 1615900556148 true
21 82 1520 0.000000 22 0.000000 0.000000 1615900556149 true
21 82 1535 0.000000 22 0.000000 0.000000 1615900556149 true
21 82 1562 0.000000 22 0.000000 0.000000 1615900556150 true
21 82 1589 0.000000 22 0.000000 0.000000 1615900556794 true
21 82 1614 0.000000 22 0.000000 0.000000 1615900556797 true
21 82 1634 0.000000 22 0.000000 0.000000 1615900556800 true
21 82 1648 0.000000 22 0.000000 0.000000 1615900556801 true
21 82 1659 0.000000 22 0.000000 0.000000 1615900556802 true
21 82 1662 0.000000 22 0.000000 0.000000 1615900556803 true
21 82 1658 0.000000 22 0.000000 0.000000 1615900556804 true
25 82 1658 0.000000 22 0.000000 0.000000 1615900557444 false
25 173 1658 0.000000 22 0.000000 0.000000 1615900557446 false
25 173 1655 0.000000 22 0.000000 0.000000 1615900558093 true
25 173 1635 0.000000 22 0.000000 0.000000 1615900558097 true
25 173 1621 0.000000 22 0.000000 0.000000 1615900558099 true
25 173 1602 0.000000 22 0.000000 0.000000 1615900558104 true
25 173 1591 0.000000 22 0.000000 0.000000 1615900558105 true
25 173 1580 0.000000 22 0.000000 0.000000 1615900558106 true
25 173 1567 0.000000 22 0.000000 0.000000 1615900558107 true
25 173 1556 0.000000 22 0.000000 0.000000 1615900558744 true
25 173 1546 0.000000 22 0.000000 0.000000 1615900558747 true
25 173 1541 0.000000 22 0.000000 0.000000 1615900558750 true
25 173 1535 0.000000 22 0.000000 0.000000 1615900558752 true
25 173 1528 0.000000 22 0.000000 0.000000 1615900558755 true
25 173 1525 0.000000 22 0.000000 0.000000 1615900558757 true
25 173 1525 0.000000 20 0.000000 0.000000 1615900558759 false
25 173 1531 0.000000 20 0.000000 0.000000 1615900558760 true
25 173 1521 0.000000 20 0.000000 0.000000 1615900559394 true
25 173 1522 0.000000 20 0.000000 0.000000 1615900559398 true
25 173 1521 0.000000 20 0.000000 0.000000 1615900559400 true
25 173 1517 0.000000 20 0.000000 0.000000 1615900559403 true
25 173 1516 0.000000 20 0.000000 0.000000 1615900559405 true
25 173 1516 0.000000 20 0.000000 0.000000 1615900559407 true
25 173 1509 0.000000 20 0.000000 0.000000 1615900559409 true
27 173 1509 0.000000 20 0.000000 0.000000 1615900559411 false
27 163 1509 0.000000 20 0.000000 0.000000 1615900559411 false
27 163 1514 0.000000 20 0.000000 0.000000 1615900560040 true
27 163 1529 0.000000 20 0.000000 0.000000 1615900560041 true
27 163 1557 0.000000 20 0.000000 0.000000 1615900560041 true
27 163 1582 0.000000 20 0.000000 0.000000 1615900560042 true
27 163 1602 0.000000 20 0.000000 0.000000 1615900560043 true
27 163 1632 0.000000 20 0.000000 0.000000 1615900560044 true
27 163 1660 0.000000 20 0.000000 0.000000 1615900560046 true
29 163 1660 0.000000 20 0.000000 0.000000 1615900560047 false
29 171 1660 0.000000 20 0.000000 0.000000 1615900560047 false
29 171 1675 0.000000 20 0.000000 0.000000 1615900560693 true
29 171 1683 0.000000 20 0.000000 0.000000 1615900560697 true
29 171 1689 0.000000 20 0.000000 0.000000 1615900560699 true
29 171 1689 0.000000 19 0.000000 0.000000 1615900560701 false
29 171 1677 0.000000 19 0.000000 0.000000 1615900560702 true
29 171 1671 0.000000 19 0.000000 0.000000 1615900560702 true
29 171 1653 0.000000 19 0.000000 0.000000 1615900560703 true
29 171 1638 0.000000 19 0.000000 0.000000 1615900560704 true
29 171 1614 0.000000 19 0.000000 0.000000 1615900561346 true
29 171 1602 0.000000 19 0.000000 0.000000 1615900561349 true
29 171 1585 0.000000 19 0.000000 0.000000 1615900561349 true
29 171 1581 0.000000 19 0.000000 0.000000 1615900561350 true
29 171 1580 0.000000 19 0.000000 0.000000 1615900561350 true
29 171 1576 0.000000 19 0.000000 0.000000 1615900561351 true
29 171 1567 0.000000 19 0.000000 0.000000 1615900561351 true
29 171 1564 0.000000 19 0.000000 0.000000 1615900561995 true
29 171 1554 0.000000 19 0.000000 0.000000 1615900561998 true
29 171 1554 0.000000 21 0.000000 0.000000 1615900561999 false
29 171 1548 0.000000 21 0.000000 0.000000 1615900562000 true
29 171 1547 0.000000 21 0.000000 0.000000 1615900562001 true
29 171 1542 0.000000 21 0.000000 0.000000 1615900562003 true
29 171 1529 0.000000 21 0.000000 0.000000 1615900562004 true
29 171 1530 0.000000 21 0.000000 0.000000 1615900562005 true
33 171 1530 0.000000 21 0.000000 0.000000 1615900562006 false
33 190 1530 0.000000 21 0.000000 0.000000 1615900562007 false
33 190 1527 0.000000 21 0.000000 0.000000 1615900562643 true
33 190 1527 0.000000 21 0.000000 0.000000 1615900562646 true
33 190 1523 0.000000 21 0.000000 0.000000 1615900562649 true
33 190 1518 0.000000 21 0.000000 0.000000 1615900562651 true
33 190 1517 0.000000 21 0.000000 0.000000 1615900562653 true
33 190 1515 0.000000 21 0.000000 0.000000 1615900562655 true
33 190 1521 0.000000 21 0.000000 0.000000 1615900562657 true
36 190 1521 0.000000 21 0.000000 0.000000 1615900563294 false
36 197 1521 0.000000 21 0.000000 0.000000 1615900563297 false
36 197 1531 0.000000 21 0.000000 0.000000 1615900563300 true
36 197 1552 0.000000 21 0.000000 0.000000 1615900563301 true
36 197 1571 0.000000 21 0.000000 0.000000 1615900563302 true
36 197 1586 0.000000 21 0.000000 0.000000 1615900563303 true
36 197 1594 0.000000 21 0.000000 0.000000 1615900563304 true
36 197 1604 0.000000 21 0.000000 0.000000 1615900563305 true
36 197 1618 0.000000 21 0.000000 0.000000 1615900563306 true
36 197 1615 0.000000 21 0.000000 0.000000 1615900563945 true
36 197 1616 0.000000 21 0.000000 0.000000 1615900563949 true
36 197 1616 0.000000 22 0.000000 0.000000 1615900563952 false
36 197 1609 0.000000 22 0.000000 0.000000 1615900563953 true
36 197 1599 0.000000 22 0.000000 0.000000 1615900563955 true
36 197 1580 0.000000 22 0.000000 0.000000 1615900563957 true
36 197 1569 0.000000 22 0.000000 0.000000 1615900563959 true
36 197 1562 0.000000 22 0.000000 0.000000 1615900563960 true
42 197 1562 0.000000 22 0.000000 0.000000 1615900563961 false
42 212 1562 0.000000 22 0.000000 0.000000 1615900563961 false
42 212 1547 0.000000 22 0.000000 0.000000 1615900564593 true
42 212 1538 0.000000 22 0.000000 0.000000 1615900564597 true
42 212 1532 0.000000 22 0.000000 0.000000 1615900564599 true
42 212 1527 0.000000 22 0.000000 0.000000 1615900564602 true
42 212 1521 0.000000 22 0.000000 0.000000 1615900564604 true
42 212 1517 0.000000 22 0.000000 0.000000 1615900564606 true
42 212 1527 0.000000 22 0.000000 0.000000 1615900564609 true
46 212 1527 0.000000 22 0.000000 0.000000 1615900565244 false
46 216 1527 0.000000 22 0.000000 0.000000 1615900565247 false
46 216 1529 0.000000 22 0.000000 0.000000 1615900565250 true
46 216 1529 0.000000 24 0.000000 0.000000 1615900565252 false
46 216 1527 0.000000 24 0.000000 0.000000 1615900565253 true
46 216 1553 0.000000 24 0.000000 0.000000 1615900565254 true
46 216 1568 0.000000 24 0.000000 0.000000 1615900565255 true
46 216 1562 0.000000 24 0.000000 0.000000 1615900565256 true
46 216 1555 0.000000 24 0.000000 0.000000 1615900565257 true
46 216 1554 0.000000 24 0.000000 0.000000 1615900565259 true
46 216 1576 0.000000 24 0.000000 0.000000 1615900565894 true
46 216 1589 0.000000 24 0.000000 0.000000 1615900565897 true
46 216 1606 0.000000 24 0.000000 0.000000 1615900565900 true
46 216 1609 0.000000 24 0.000000 0.000000 1615900565902 true
46 216 1621 0.000000 24 0.000000 0.000000 1615900565904 true
46 216 1632 0.000000 24 0.000000 0.000000 1615900565906 true
46 216 1644 0.000000 24 0.000000 0.000000 1615900565909 true
52 216 1644 0.000000 24 0.000000 0.000000 1615900566543 false
52 161 1644 0.000000 24 0.000000 0.000000 1615900566545 false
52 161 1647 0.000000 24 0.000000 0.000000 1615900567194 true
52 161 1636 0.000000 24 0.000000 0.000000 1615900567196 true
52 161 1618 0.000000 24 0.000000 0.000000 1615900567199 true
52 161 1601 0.000000 24 0.000000 0.000000 1615900567200 true
52 161 1579 0.000000 24 0.000000 0.000000 1615900567201 true
52 161 1559 0.000000 24 0.000000 0.000000 1615900567202 true
52 161 1555 0.000000 24 0.000000 0.000000 1615900567203 true
59 161 1555 0.000000 24 0.000000 0.000000 1615900567204 false
59 168 1555 0.000000 24 0.000000 0.000000 1615900567205 false
59 168 1555 0.000000 24 0.000000 0.000000 1615900567844 true
59 168 1564 0.000000 24 0.000000 0.000000 1615900567847 true
59 168 1562 0.000000 24 0.000000 0.000000 1615900567850 true
59 168 1562 0.000000 24 0.000000 0.000000 1615900567852 true
59 168 1564 0.000000 24 0.000000 0.000000 1615900567854 true
59 168 1560 0.000000 24 0.000000 0.000000 1615900567856 true
59 168 1561 0.000000 24 0.000000 0.000000 1615900567859 true
59 168 1561 0.000000 26 0.000000 0.000000 1615900567860 false
59 157 1561 0.000000 26 0.000000 0.000000 1615900568496 false
59 157 1562 0.000000 26 0.000000 0.000000 1615900568499 true
59 157 1564 0.000000 26 0.000000 0.000000 1615900568502 true
59 157 1561 0.000000 26 0.000000 0.000000 1615900568504 true
59 157 1562 0.000000 26 0.000000 0.000000 1615900568506 true
59 157 1556 0.000000 26 0.000000 0.000000 1615900568508 true
59 157 1552 0.000000 26 0.000000 0.000000 1615900568510 true
59 157 1541 0.000000 26 0.000000 0.000000 1615900568510 true
59 157 1533 0.000000 26 0.000000 0.000000 1615900569140 true
59 157 1527 0.000000 26 0.000000 0.000000 1615900569141 true
59 157 1526 0.000000 26 0.000000 0.000000 1615900569142 true
59 157 1523 0.000000 26 0.000000 0.000000 1615900569142 true
59 157 1518 0.000000 26 0.000000 0.000000 1615900569143 true
59 157 1518 0.000000 26 0.000000 0.000000 1615900569143 true
59 157 1514 0.000000 26 0.000000 0.000000 1615900569144 true
59 148 1514 0.000000 26 0.000000 0.000000 1615900569145 false
59 148 1514 0.000000 26 0.000000 0.000000 1615900569793 true
59 148 1516 0.000000 26 0.000000 0.000000 1615900569796 true
59 148 1513 0.000000 26 0.000000 0.000000 1615900569799 true
59 148 1513 0.000000 26 0.000000 0.000000 1615900569801 true
59 148 1513 0.000000 26 0.000000 0.000000 1615900569803 true
59 148 1513 0.000000 26 0.000000 0.000000 1615900569805 true
59 148 1514 0.000000 26 0.000000 0.000000 1615900569807 true
59 148 1509 0.000000 26 0.000000 0.000000 1615900570448 true
59 148 1518 0.000000 26 0.000000 0.000000 1615900570451 true
59 148 1529 0.000000 26 0.000000 0.000000 1615900570453 true
59 148 1546 0.000000 26 0.000000 0.000000 1615900570455 true
59 148 1567 0.000000 26 0.000000 0.000000 1615900570457 true
59 148 1586 0.000000 26 0.000000 0.000000 1615900570459 true
59 148 1610 0.000000 26 0.000000 0.000000 1615900570460 true
59 148 1628 0.000000 26 0.000000 0.000000 1615900571094 true
59 148 1642 0.000000 26 0.000000 0.000000 1615900571097 true
59 148 1642 0.000000 27 0.000000 0.000000 1615900571099 false
59 148 1650 0.000000 27 0.000000 0.000000 1615900571100 true
59 148 1656 0.000000 27 0.000000 0.000000 1615900571101 true
59 148 1644 0.000000 27 0.000000 0.000000 1615900571102 true
59 148 1638 0.000000 27 0.000000 0.000000 1615900571103 true
59 148 1634 0.000000 27 0.000000 0.000000 1615900571104 true
59 123 1634 0.000000 27 0.000000 0.000000 1615900571106 false
59 123 1629 0.000000 27 0.000000 0.000000 1615900571744 true
59 123 1617 0.000000 27 0.000000 0.000000 1615900571747 true
59 123 1612 0.000000 27 0.000000 0.000000 1615900571749 true
59 123 1608 0.000000 27 0.000000 0.000000 1615900571750 true
59 123 1611 0.000000 27 0.000000 0.000000 1615900571751 true
59 123 1606 0.000000 27 0.000000 0.000000 1615900571753 true
59 123 1614 0.000000 27 0.000000 0.000000 1615900571754 true
48 123 1614 0.000000 27 0.000000 0.000000 1615900572394 false
48 136 1614 0.000000 27 0.000000 0.000000 1615900572397 false
48 136 1604 0.000000 27 0.000000 0.000000 1615900572400 true
48 136 1594 0.000000 27 0.000000 0.000000 1615900572403 true
48 136 1590 0.000000 27 0.000000 0.000000 1615900572405 true
48 136 1590 0.000000 27 0.000000 0.000000 1615900572407 true
48 136 1590 0.000000 26 0.000000 0.000000 1615900572410 false
48 136 1589 0.000000 26 0.000000 0.000000 1615900572410 true
48 136 1582 0.000000 26 0.000000 0.000000 1615900572410 true
48 136 1581 0.000000 26 0.000000 0.000000 1615900572411 true
48 136 1582 0.000000 26 0.000000 0.000000 1615900573043 true
48 136 1574 0.000000 26 0.000000 0.000000 1615900573046 true
48 136 1573 0.000000 26 0.000000 0.000000 1615900573048 true
48 136 1581 0.000000 26 0.000000 0.000000 1615900573051 true
48 136 1612 0.000000 26 0.000000 0.000000 1615900573053 true
48 136 1638 0.000000 26 0.000000 0.000000 1615900573055 true
48 136 1668 0.000000 26 0.000000 0.000000 1615900573057 true
56 136 1668 0.000000 26 0.000000 0.000000 1615900573059 false
56 126 1668 0.000000 26 0.000000 0.000000 1615900573060 false
56 126 1704 0.000000 26 0.000000 0.000000 1615900573694 true
56 126 1704 0.000000 26 0.000000 0.000000 1615900573697 true
56 126 1655 0.000000 26 0.000000 0.000000 1615900573700 true
56 126 1643 0.000000 26 0.000000 0.000000 1615900573702 true
56 126 1642 0.000000 26 0.000000 0.000000 1615900573704 true
56 126 1644 0.000000 26 0.000000 0.000000 1615900573706 true
56 126 1645 0.000000 26 0.000000 0.000000 1615900573708 true
56 119 1645 0.000000 26 0.000000 0.000000 1615900574345 false
56 119 1647 0.000000 26 0.000000 0.000000 1615900574348 true
56 119 1635 0.000000 26 0.000000 0.000000 1615900574351 true
56 119 1624 0.000000 26 0.000000 0.000000 1615900574353 true
56 119 1621 0.000000 26 0.000000 0.000000 1615900574355 true
56 119 1613 0.000000 26 0.000000 0.000000 1615900574359 true
56 119 1630 0.000000 26 0.000000 0.000000 1615900574360 true
56 119 1642 0.000000 26 0.000000 0.000000 1615900574360 true
56 119 1642 0.000000 24 0.000000 0.000000 1615900574361 false
56 107 1642 0.000000 24 0.000000 0.000000 1615900574996 false
56 107 1644 0.000000 24 0.000000 0.000000 1615900574998 true
56 107 1618 0.000000 24 0.000000 0.000000 1615900575000 true
56 107 1613 0.000000 24 0.000000 0.000000 1615900575001 true
56 107 1610 0.000000 24 0.000000 0.000000 1615900575002 true
56 107 1607 0.000000 24 0.000000 0.000000 1615900575004 true
56 107 1604 0.000000 24 0.000000 0.000000 1615900575004 true
56 107 1590 0.000000 24 0.000000 0.000000 1615900575005 true
56 107 1585 0.000000 24 0.000000 0.000000 1615900576294 true
56 107 1583 0.000000 24 0.000000 0.000000 1615900576297 true
56 107 1582 0.000000 24 0.000000 0.000000 1615900576299 true
56 107 1574 0.000000 24 0.000000 0.000000 1615900576301 true
56 107 1586 0.000000 24 0.000000 0.000000 1615900576302 true
56 107 1584 0.000000 24 0.000000 0.000000 1615900576303 true
56 107 1588 0.000000 24 0.000000 0.000000 1615900576304 true
56 97 1588 0.000000 24 0.000000 0.000000 1615900576306 false
56 97 1579 0.000000 24 0.000000 0.000000 1615900576941 true
56 97 1574 0.000000 24 0.000000 0.000000 1615900576941 true
56 97 1577 0.000000 24 0.000000 0.000000 1615900576942 true
56 97 1582 0.000000 24 0.000000 0.000000 1615900576942 true
56 97 1575 0.000000 24 0.000000 0.000000 1615900576943 true
56 97 1571 0.000000 24 0.000000 0.000000 1615900576943 true
56 97 1573 0.000000 24 0.000000 0.000000 1615900576944 true
56 97 1571 0.000000 24 0.000000 0.000000 1615900577594 true
56 97 1573 0.000000 24 0.000000 0.000000 1615900577597 true
56 97 1575 0.000000 24 0.000000 0.000000 1615900577601 true
56 97 1572 0.000000 24 0.000000 0.000000 1615900577603 true
56 97 1568 0.000000 24 0.000000 0.000000 1615900577605 true
56 97 1575 0.000000 24 0.000000 0.000000 1615900577607 true
56 97 1577 0.000000 24 0.000000 0.000000 1615900577609 true
56 97 1577 0.000000 24 0.000000 0.000000 1615900578244 true
56 97 1567 0.000000 24 0.000000 0.000000 1615900578247 true
56 97 1568 0.000000 24 0.000000 0.000000 1615900578250 true
56 97 1570 0.000000 24 0.000000 0.000000 1615900578251 true
56 97 1579 0.000000 24 0.000000 0.000000 1615900578252 true
56 97 1608 0.000000 24 0.000000 0.000000 1615900578253 true
56 97 1600 0.000000 24 0.000000 0.000000 1615900578254 true
59 97 1600 0.000000 24 0.000000 0.000000 1615900578255 false
59 99 1600 0.000000 24 0.000000 0.000000 1615900578256 false
59 99 1583 0.000000 24 0.000000 0.000000 1615900578894 true
59 99 1563 0.000000 24 0.000000 0.000000 1615900578897 true
59 99 1555 0.000000 24 0.000000 0.000000 1615900578900 true
59 99 1554 0.000000 24 0.000000 0.000000 1615900578902 true
59 99 1547 0.000000 24 0.000000 0.000000 1615900578904 true
59 99 1541 0.000000 24 0.000000 0.000000 1615900578906 true
59 99 1546 0.000000 24 0.000000 0.000000 1615900578909 true
59 99 1544 0.000000 24 0.000000 0.000000 1615900579547 true
59 99 1544 0.000000 24 0.000000 0.000000 1615900579550 true
59 99 1541 0.000000 24 0.000000 0.000000 1615900579552 true
59 99 1542 0.000000 24 0.000000 0.000000 1615900579554 true
59 99 1535 0.000000 24 0.000000 0.000000 1615900579556 true
59 99 1539 0.000000 24 0.000000 0.000000 1615900579559 true
59 99 1545 0.000000 24 0.000000 0.000000 1615900579560 true
59 99 1541 0.000000 24 0.000000 0.000000 1615900580193 true
59 99 1526 0.000000 24 0.000000 0.000000 1615900580196 true
59 99 1528 0.000000 24 0.000000 0.000000 1615900580198 true
59 99 1534 0.000000 24 0.000000 0.000000 1615900580199 true
59 99 1531 0.000000 24 0.000000 0.000000 1615900580200 true
59 99 1542 0.000000 24 0.000000 0.000000 1615900580201 true
59 99 1542 0.000000 24 0.000000 0.000000 1615900580202 true
63 99 1542 0.000000 24 0.000000 0.000000 1615900580204 false
63 101 1542 0.000000 24 0.000000 0.000000 1615900580204 false
63 101 1543 0.000000 24 0.000000 0.000000 1615900580844 true
63 101 1545 0.000000 24 0.000000 0.000000 1615900580847 true
63 101 1546 0.000000 24 0.000000 0.000000 1615900580850 true
63 101 1538 0.000000 24 0.000000 0.000000 1615900580852 true
63 101 1527 0.000000 24 0.000000 0.000000 1615900580854 true
63 101 1529 0.000000 24 0.000000 0.000000 1615900580856 true
63 101 1530 0.000000 24 0.000000 0.000000 1615900580858 true
70 101 1530 0.000000 24 0.000000 0.000000 1615900581494 false
70 73 1530 0.000000 24 0.000000 0.000000 1615900581497 false
70 73 1530 0.000000 24 0.000000 0.000000 1615900581501 true
70 73 1534 0.000000 24 0.000000 0.000000 1615900581503 true
70 73 1531 0.000000 24 0.000000 0.000000 1615900581505 true
70 73 1529 0.000000 24 0.000000 0.000000 1615900581507 true
70 73 1533 0.000000 24 0.000000 0.000000 1615900581509 true
70 73 1531 0.000000 24 0.000000 0.000000 1615900581510 true
70 73 1531 0.000000 24 0.000000 0.000000 1615900581511 true
70 42 1531 0.000000 24 0.000000 0.000000 1615900582144 false
70 42 1526 0.000000 24 0.000000 0.000000 1615900582146 true
70 42 1523 0.000000 24 0.000000 0.000000 1615900582149 true
70 42 1522 0.000000 24 0.000000 0.000000 1615900582150 true
70 42 1520 0.000000 24 0.000000 0.000000 1615900582152 true
70 42 1521 0.000000 24 0.000000 0.000000 1615900582153 true
70 42 1517 0.000000 24 0.000000 0.000000 1615900582154 true
70 42 1519 0.000000 24 0.000000 0.000000 1615900582155 true
70 42 1536 0.000000 24 0.000000 0.000000 1615900582794 true
70 42 1554 0.000000 24 0.000000 0.000000 1615900582797 true
70 42 1582 0.000000 24 0.000000 0.000000 1615900582800 true
70 42 1619 0.000000 24 0.000000 0.000000 1615900582802 true
70 42 1642 0.000000 24 0.000000 0.000000 1615900582804 true
70 42 1655 0.000000 24 0.000000 0.000000 1615900582806 true
70 42 1651 0.000000 24 0.000000 0.000000 1615900582809 true
70 42 1641 0.000000 24 0.000000 0.000000 1615900583447 true
70 42 1641 0.000000 21 0.000000 0.000000 1615900583450 false
70 42 1625 0.000000 21 0.000000 0.000000 1615900583451 true
70 42 1597 0.000000 21 0.000000 0.000000 1615900583452 true
70 42 1581 0.000000 21 0.000000 0.000000 1615900583453 true
70 42 1574 0.000000 21 0.000000 0.000000 1615900583454 true
70 42 1568 0.000000 21 0.000000 0.000000 1615900583455 true
70 42 1556 0.000000 21 0.000000 0.000000 1615900583456 true
70 42 1548 0.000000 21 0.000000 0.000000 1615900584096 true
70 42 1544 0.000000 21 0.000000 0.000000 1615900584099 true
70 42 1550 0.000000 21 0.000000 0.000000 1615900584100 true
70 42 1547 0.000000 21 0.000000 0.000000 1615900584102 true
70 42 1555 0.000000 21 0.000000 0.000000 1615900584103 true
70 42 1574 0.000000 21 0.000000 0.000000 1615900584104 true
70 42 1574 0.000000 22 0.000000 0.000000 1615900584105 false
70 42 1616 0.000000 22 0.000000 0.000000 1615900584106 true
70 42 1642 0.000000 22 0.000000 0.000000 1615900585393 true
70 42 1675 0.000000 22 0.000000 0.000000 1615900585395 true
70 42 1711 0.000000 22 0.000000 0.000000 1615900585396 true
70 42 1722 0.000000 22 0.000000 0.000000 1615900585397 true
70 42 1714 0.000000 22 0.000000 0.000000 1615900585399 true
70 42 1683 0.000000 22 0.000000 0.000000 1615900585400 true
70 42 1665 0.000000 22 0.000000 0.000000 1615900585401 true
70 42 1652 0.000000 22 0.000000 0.000000 1615900586044 true
70 42 1649 0.000000 22 0.000000 0.000000 1615900586047 true
70 42 1638 0.000000 22 0.000000 0.000000 1615900586050 true
70 42 1632 0.000000 22 0.000000 0.000000 1615900586051 true
70 42 1623 0.000000 22 0.000000 0.000000 1615900586052 true
70 42 1617 0.000000 22 0.000000 0.000000 1615900586053 true
70 42 1613 0.000000 22 0.000000 0.000000 1615900586054 true
80 42 1613 0.000000 22 0.000000 0.000000 1615900586055 false
80 55 1613 0.000000 22 0.000000 0.000000 1615900586056 false
80 55 1617 0.000000 22 0.000000 0.000000 1615900586693 true
80 55 1614 0.000000 22 0.000000 0.000000 1615900586696 true
80 55 1616 0.000000 22 0.000000 0.000000 1615900586699 true
80 55 1614 0.000000 22 0.000000 0.000000 1615900586702 true
80 55 1614 0.000000 23 0.000000 0.000000 1615900586704 false
80 55 1609 0.000000 23 0.000000 0.000000 1615900586706 true
80 55 1607 0.000000 23 0.000000 0.000000 1615900586708 true
80 55 1595 0.000000 23 0.000000 0.000000 1615900586709 true
80 55 1591 0.000000 23 0.000000 0.000000 1615900587345 true
80 55 1593 0.000000 23 0.000000 0.000000 1615900587349 true
80 55 1593 0.000000 23 0.000000 0.000000 1615900587351 true
80 55 1592 0.000000 23 0.000000 0.000000 1615900587353 true
80 55 1587 0.000000 23 0.000000 0.000000 1615900587356 true
80 55 1582 0.000000 23 0.000000 0.000000 1615900587359 true
80 55 1562 0.000000 23 0.000000 0.000000 1615900587360 true
74 55 1562 0.000000 23 0.000000 0.000000 1615900587360 false
74 56 1562 0.000000 23 0.000000 0.000000 1615900587361 false
74 56 1553 0.000000 23 0.000000 0.000000 1615900587996 true
74 56 1549 0.000000 23 0.000000 0.000000 1615900587997 true
74 56 1548 0.000000 23 0.000000 0.000000 1615900587999 true
74 56 1552 0.000000 23 0.000000 0.000000 1615900588000 true
74 56 1586 0.000000 23 0.000000 0.000000 1615900588001 true
74 56 1624 0.000000 23 0.000000 0.000000 1615900588003 true
74 56 1650 0.000000 23 0.000000 0.000000 1615900588004 true
74 56 1671 0.000000 23 0.000000 0.000000 1615900588643 true
74 56 1687 0.000000 23 0.000000 0.000000 1615900588646 true
74 56 1711 0.000000 23 0.000000 0.000000 1615900588649 true
74 56 1711 0.000000 23 0.000000 0.000000 1615900588651 true
74 56 1711 0.000000 24 0.000000 0.000000 1615900588653 false
74 56 1700 0.000000 24 0.000000 0.000000 1615900588655 true
74 56 1670 0.000000 24 0.000000 0.000000 1615900588657 true
74 56 1647 0.000000 24 0.000000 0.000000 1615900588659 true
74 51 1647 0.000000 24 0.000000 0.000000 1615900589296 false
74 51 1626 0.000000 24 0.000000 0.000000 1615900589300 true
74 51 1614 0.000000 24 0.000000 0.000000 1615900589302 true
74 51 1594 0.000000 24 0.000000 0.000000 1615900589304 true
74 51 1582 0.000000 24 0.000000 0.000000 1615900589306 true
74 51 1573 0.000000 24 0.000000 0.000000 1615900589309 true
74 51 1574 0.000000 24 0.000000 0.000000 1615900589310 true
74 51 1575 0.000000 24 0.000000 0.000000 1615900589310 true
74 51 1567 0.000000 24 0.000000 0.000000 1615900589945 true
74 51 1561 0.000000 24 0.000000 0.000000 1615900589949 true
74 51 1561 0.000000 24 0.000000 0.000000 1615900589951 true
74 51 1570 0.000000 24 0.000000 0.000000 1615900589954 true
74 51 1565 0.000000 24 0.000000 0.000000 1615900589956 true
74 51 1567 0.000000 24 0.000000 0.000000 1615900589959 true
74 51 1579 0.000000 24 0.000000 0.000000 1615900589960 true
87 51 1579 0.000000 24 0.000000 0.000000 1615900589960 false
87 57 1579 0.000000 24 0.000000 0.000000 1615900589961 false
87 57 1616 0.000000 24 0.000000 0.000000 1615900590590 true
87 57 1652 0.000000 24 0.000000 0.000000 1615900590591 true
87 57 1680 0.000000 24 0.000000 0.000000 1615900590591 true
87 57 1682 0.000000 24 0.000000 0.000000 1615900590592 true
87 57 1656 0.000000 24 0.000000 0.000000 1615900590592 true
87 57 1630 0.000000 24 0.000000 0.000000 1615900590592 true
87 57 1616 0.000000 24 0.000000 0.000000 1615900590593 true
104 57 1616 0.000000 24 0.000000 0.000000 1615900591245 false
104 68 1616 0.000000 24 0.000000 0.000000 1615900591247 false
104 68 1611 0.000000 24 0.000000 0.000000 1615900591250 true
104 68 1611 0.000000 24 0.000000 0.000000 1615900591251 true
104 68 1605 0.000000 24 0.000000 0.000000 1615900591252 true
104 68 1598 0.000000 24 0.000000 0.000000 1615900591253 true
104 68 1605 0.000000 24 0.000000 0.000000 1615900591254 true
104 68 1596 0.000000 24 0.000000 0.000000 1615900591256 true
104 68 1583 0.000000 24 0.000000 0.000000 1615900591259 true
104 68 1586 0.000000 24 0.000000 0.000000 1615900591890 true
104 68 1588 0.000000 24 0.000000 0.000000 1615900591891 true
104 68 1572 0.000000 24 0.000000 0.000000 1615900591892 true
104 68 1567 0.000000 24 0.000000 0.000000 1615900591892 true
104 68 1567 0.000000 27 0.000000 0.000000 1615900591892 false
104 68 1573 0.000000 27 0.000000 0.000000 1615900591893 true
104 68 1593 0.000000 27 0.000000 0.000000 1615900591893 true
104 68 1629 0.000000 27 0.000000 0.000000 1615900591893 true
110 68 1629 0.000000 27 0.000000 0.000000 1615900592543 false
110 69 1629 0.000000 27 0.000000 0.000000 1615900592546 false
110 69 1628 0.000000 27 0.000000 0.000000 1615900592550 true
110 69 1627 0.000000 27 0.000000 0.000000 1615900592552 true
110 69 1630 0.000000 27 0.000000 0.000000 1615900592554 true
110 69 1665 0.000000 27 0.000000 0.000000 1615900592556 true
110 69 1706 0.000000 27 0.000000 0.000000 1615900592559 true
110 69 1743 0.000000 27 0.000000 0.000000 1615900592560 true
110 69 1782 0.000000 27 0.000000 0.000000 1615900592560 true
114 69 1782 0.000000 27 0.000000 0.000000 1615900593193 false
114 69 1805 0.000000 27 0.000000 0.000000 1615900593197 true
114 69 1818 0.000000 27 0.000000 0.000000 1615900593199 true
114 69 1848 0.000000 27 0.000000 0.000000 1615900593200 true
114 69 1874 0.000000 27 0.000000 0.000000 1615900593201 true
114 69 1872 0.000000 27 0.000000 0.000000 1615900593202 true
114 69 1836 0.000000 27 0.000000 0.000000 1615900593203 true
114 69 1800 0.000000 27 0.000000 0.000000 1615900593204 true
114 69 1758 0.000000 27 0.000000 0.000000 1615900594495 true
114 69 1721 0.000000 27 0.000000 0.000000 1615900594499 true
114 69 1695 0.000000 27 0.000000 0.000000 1615900594501 true
114 69 1686 0.000000 27 0.000000 0.000000 1615900594503 true
114 69 1683 0.000000 27 0.000000 0.000000 1615900594505 true
114 69 1658 0.000000 27 0.000000 0.000000 1615900594507 true
114 69 1636 0.000000 27 0.000000 0.000000 1615900594509 true
114 69 1617 0.000000 27 0.000000 0.000000 1615900595141 true
114 69 1623 0.000000 27 0.000000 0.000000 1615900595143 true
114 69 1634 0.000000 27 0.000000 0.000000 1615900595144 true
114 69 1634 0.000000 26 0.000000 0.000000 1615900595145 false
114 69 1584 0.000000 26 0.000000 0.000000 1615900595146 true
114 69 1553 0.000000 26 0.000000 0.000000 1615900595147 true
114 69 1596 0.000000 26 0.000000 0.000000 1615900595148 true
114 69 1588 0.000000 26 0.000000 0.000000 1615900595149 true
114 60 1588 0.000000 26 0.000000 0.000000 1615900595150 false
114 60 1611 0.000000 26 0.000000 0.000000 1615900595795 true
114 60 1644 0.000000 26 0.000000 0.000000 1615900595799 true
114 60 1622 0.000000 26 0.000000 0.000000 1615900595801 true
114 60 1624 0.000000 26 0.000000 0.000000 1615900595803 true
114 60 1610 0.000000 26 0.000000 0.000000 1615900595805 true
114 60 1606 0.000000 26 0.000000 0.000000 1615900595807 true
114 60 1590 0.000000 26 0.000000 0.000000 1615900595809 true
114 56 1590 0.000000 26 0.000000 0.000000 1615900596446 false
114 56 1583 0.000000 26 0.000000 0.000000 1615900596450 true
114 56 1573 0.000000 26 0.000000 0.000000 1615900596452 true
114 56 1568 0.000000 26 0.000000 0.000000 1615900596454 true
114 56 1579 0.000000 26 0.000000 0.000000 1615900596456 true
114 56 1605 0.000000 26 0.000000 0.000000 1615900596458 true
114 56 1641 0.000000 26 0.000000 0.000000 1615900596459 true
114 56 1673 0.000000 26 0.000000 0.000000 1615900596460 true
114 56 1707 0.000000 26 0.000000 0.000000 1615900597094 true
114 56 1734 0.000000 26 0.000000 0.000000 1615900597097 true
114 56 1753 0.000000 26 0.000000 0.000000 1615900597099 true
114 56 1774 0.000000 26 0.000000 0.000000 1615900597101 true
114 56 1796 0.000000 26 0.000000 0.000000 1615900597105 true
114 56 1811 0.000000 26 0.000000 0.000000 1615900597107 true
114 56 1819 0.000000 26 0.000000 0.000000 1615900597109 true
74 56 1819 0.000000 26 0.000000 0.000000 1615900597110 false
74 110 1819 0.000000 26 0.000000 0.000000 1615900597111 false
74 110 1807 0.000000 26 0.000000 0.000000 1615900597745 true
74 110 1784 0.000000 26 0.000000 0.000000 1615900597748 true
74 110 1775 0.000000 26 0.000000 0.000000 1615900597751 true
74 110 1769 0.000000 26 0.000000 0.000000 1615900597753 true
74 110 1764 0.000000 26 0.000000 0.000000 1615900597755 true
74 110 1759 0.000000 26 0.000000 0.000000 1615900597757 true
74 110 1758 0.000000 26 0.000000 0.000000 1615900597759 true
74 110 1756 0.000000 26 0.000000 0.000000 1615900598398 true
74 110 1756 0.000000 26 0.000000 0.000000 1615900598401 true
74 110 1749 0.000000 26 0.000000 0.000000 1615900598403 true
74 110 1747 0.000000 26 0.000000 0.000000 1615900598405 true
74 110 1756 0.000000 26 0.000000 0.000000 1615900598407 true
74 110 1764 0.000000 26 0.000000 0.000000 1615900598410 true
74 110 1755 0.000000 26 0.000000 0.000000 1615900598410 true
74 110 1745 0.000000 26 0.000000 0.000000 1615900599044 true
74 110 1735 0.000000 26 0.000000 0.000000 1615900599046 true
74 110 1726 0.000000 26 0.000000 0.000000 1615900599049 true
74 110 1727 0.000000 26 0.000000 0.000000 1615900599050 true
74 110 1717 0.000000 26 0.000000 0.000000 1615900599051 true
74 110 1709 0.000000 26 0.000000 0.000000 1615900599052 true
74 110 1701 0.000000 26 0.000000 0.000000 1615900599053 true
55 110 1701 0.000000 26 0.000000 0.000000 1615900599054 false
55 138 1701 0.000000 26 0.000000 0.000000 1615900599055 false
55 138 1698 0.000000 26 0.000000 0.000000 1615900599694 true
55 138 1704 0.000000 26 0.000000 0.000000 1615900599697 true
55 138 1718 0.000000 26 0.000000 0.000000 1615900599700 true
55 138 1709 0.000000 26 0.000000 0.000000 1615900599702 true
55 138 1682 0.000000 26 0.000000 0.000000 1615900599704 true
55 138 1669 0.000000 26 0.000000 0.000000 1615900599706 true
55 138 1649 0.000000 26 0.000000 0.000000 1615900599709 true
55 133 1649 0.000000 26 0.000000 0.000000 1615900600346 false
55 133 1623 0.000000 26 0.000000 0.000000 1615900600350 true
55 133 1600 0.000000 26 0.000000 0.000000 1615900600352 true
55 133 1591 0.000000 26 0.000000 0.000000 1615900600356 true
55 133 1607 0.000000 26 0.000000 0.000000 1615900600359 true
55 133 1607 0.000000 26 0.000000 0.000000 1615900600360 true
55 133 1600 0.000000 26 0.000000 0.000000 1615900600360 true
55 133 1585 0.000000 26 0.000000 0.000000 1615900600361 true
55 133 1571 0.000000 26 0.000000 0.000000 1615900600991 true
55 133 1562 0.000000 26 0.000000 0.000000 1615900600992 true
55 133 1564 0.000000 26 0.000000 0.000000 1615900600992 true
55 133 1564 0.000000 28 0.000000 0.000000 1615900600993 false
55 133 1575 0.000000 28 0.000000 0.000000 1615900600993 true
55 133 1613 0.000000 28 0.000000 0.000000 1615900600994 true
55 133 1663 0.000000 28 0.000000 0.000000 1615900600994 true
55 133 1703 0.000000 28 0.000000 0.000000 1615900600995 true
55 133 1709 0.000000 28 0.000000 0.000000 1615900601644 true
55 133 1685 0.000000 28 0.000000 0.000000 1615900601647 true
55 133 1684 0.000000 28 0.000000 0.000000 1615900601650 true
55 133 1709 0.000000 28 0.000000 0.000000 1615900601652 true
55 133 1728 0.000000 28 0.000000 0.000000 1615900601655 true
55 133 1765 0.000000 28 0.000000 0.000000 1615900601657 true
55 133 1759 0.000000 28 0.000000 0.000000 1615900601659 true
55 133 1695 0.000000 28 0.000000 0.000000 1615900602299 true
55 133 1674 0.000000 28 0.000000 0.000000 1615900602302 true
55 133 1697 0.000000 28 0.000000 0.000000 1615900602304 true
55 133 1690 0.000000 28 0.000000 0.000000 1615900602307 true
55 133 1668 0.000000 28 0.000000 0.000000 1615900602309 true
55 133 1669 0.000000 28 0.000000 0.000000 1615900602310 true
55 133 1663 0.000000 28 0.000000 0.000000 1615900602310 true
55 133 1662 0.000000 28 0.000000 0.000000 1615900603594 true
55 133 1664 0.000000 28 0.000000 0.000000 1615900603597 true
55 133 1654 0.000000 28 0.000000 0.000000 1615900603600 true
55 133 1640 0.000000 28 0.000000 0.000000 1615900603602 true
55 133 1623 0.000000 28 0.000000 0.000000 1615900603604 true
55 133 1623 0.000000 30 0.000000 0.000000 1615900603607 false
55 133 1613 0.000000 30 0.000000 0.000000 1615900603609 true
55 133 1616 0.000000 30 0.000000 0.000000 1615900603610 true
55 133 1604 0.000000 30 0.000000 0.000000 1615900604244 true
55 133 1604 0.000000 30 0.000000 0.000000 1615900604248 true
55 133 1593 0.000000 30 0.000000 0.000000 1615900604250 true
55 133 1570 0.000000 30 0.000000 0.000000 1615900604253 true
55 133 1556 0.000000 30 0.000000 0.000000 1615900604255 true
55 133 1531 0.000000 30 0.000000 0.000000 1615900604259 true
55 133 1519 0.000000 30 0.000000 0.000000 1615900604260 true
55 133 1498 0.000000 30 0.000000 0.000000 1615900604894 true
55 133 1496 0.000000 30 0.000000 0.000000 1615900604897 true
55 133 1509 0.000000 30 0.000000 0.000000 1615900604900 true
55 133 1540 0.000000 30 0.000000 0.000000 1615900604903 true
55 133 1578 0.000000 30 0.000000 0.000000 1615900604905 true
55 133 1622 0.000000 30 0.000000 0.000000 1615900604907 true
55 133 1652 0.000000 30 0.000000 0.000000 1615900604909 true
55 133 1692 0.000000 30 0.000000 0.000000 1615900605548 true
55 133 1734 0.000000 30 0.000000 0.000000 1615900605551 true
55 133 1758 0.000000 30 0.000000 0.000000 1615900605553 true
55 133 1758 0.000000 31 0.000000 0.000000 1615900605556 false
55 133 1775 0.000000 31 0.000000 0.000000 1615900605557 true
55 133 1793 0.000000 31 0.000000 0.000000 1615900605559 true
55 133 1797 0.000000 31 0.000000 0.000000 1615900605560 true
55 133 1766 0.000000 31 0.000000 0.000000 1615900605560 true
55 133 1736 0.000000 31 0.000000 0.000000 1615900606193 true
55 133 1740 0.000000 31 0.000000 0.000000 1615900606196 true
55 133 1765 0.000000 31 0.000000 0.000000 1615900606199 true
55 133 1639 0.000000 31 0.000000 0.000000 1615900606200 true
55 133 1510 0.000000 31 0.000000 0.000000 1615900606201 true
55 133 1457 0.000000 31 0.000000 0.000000 1615900606202 true
55 133 1467 0.000000 31 0.000000 0.000000 1615900606203 true
55 93 1467 0.000000 31 0.000000 0.000000 1615900606205 false
55 93 1484 0.000000 31 0.000000 0.000000 1615900606845 true
55 93 1523 0.000000 31 0.000000 0.000000 1615900606849 true
55 93 1571 0.000000 31 0.000000 0.000000 1615900606851 true
55 93 1615 0.000000 31 0.000000 0.000000 1615900606854 true
55 93 1616 0.000000 31 0.000000 0.000000 1615900606856 true
55 93 1618 0.000000 31 0.000000 0.000000 1615900606858 true
55 93 1618 0.000000 32 0.000000 0.000000 1615900606860 false
55 93 1617 0.000000 32 0.000000 0.000000 1615900606860 true
55 93 1626 0.000000 32 0.000000 0.000000 1615900607497 true
55 93 1627 0.000000 32 0.000000 0.000000 1615900607500 true
55 93 1622 0.000000 32 0.000000 0.000000 1615900607502 true
55 93 1634 0.000000 32 0.000000 0.000000 1615900607504 true
55 93 1610 0.000000 32 0.000000 0.000000 1615900607506 true
55 93 1599 0.000000 32 0.000000 0.000000 1615900607509 true
55 93 1570 0.000000 32 0.000000 0.000000 1615900607509 true
55 93 1549 0.000000 32 0.000000 0.000000 1615900608143 true
55 93 1534 0.000000 32 0.000000 0.000000 1615900608146 true
55 93 1524 0.000000 32 0.000000 0.000000 1615900608149 true
55 93 1521 0.000000 32 0.000000 0.000000 1615900608150 true
55 93 1527 0.000000 32 0.000000 0.000000 1615900608151 true
55 93 1593 0.000000 32 0.000000 0.000000 1615900608152 true
55 93 1657 0.000000 32 0.000000 0.000000 1615900608153 true
55 0 1657 0.000000 32 0.000000 0.000000 1615900608155 false
55 0 1716 0.000000 32 0.000000 0.000000 1615900608794 true
55 0 1740 0.000000 32 0.000000 0.000000 1615900608797 true
55 0 1755 0.000000 32 0.000000 0.000000 1615900608800 true
55 0 1755 0.000000 33 0.000000 0.000000 1615900608803 false
55 0 1724 0.000000 33 0.000000 0.000000 1615900608804 true
55 0 1717 0.000000 33 0.000000 0.000000 1615900608806 true
55 0 1676 0.000000 33 0.000000 0.000000 1615900608809 true
55 0 1629 0.000000 33 0.000000 0.000000 1615900608810 true
55 0 1632 0.000000 33 0.000000 0.000000 1615900609448 true
55 0 1679 0.000000 33 0.000000 0.000000 1615900609451 true
55 0 1704 0.000000 33 0.000000 0.000000 1615900609453 true
55 0 1698 0.000000 33 0.000000 0.000000 1615900609455 true
55 0 1680 0.000000 33 0.000000 0.000000 1615900609457 true
55 0 1660 0.000000 33 0.000000 0.000000 1615900609459 true
55 0 1652 0.000000 33 0.000000 0.000000 1615900609460 true
55 0 1650 0.000000 33 0.000000 0.000000 1615900610096 true
55 0 1650 0.000000 32 0.000000 0.000000 1615900610100 false
55 0 1647 0.000000 32 0.000000 0.000000 1615900610101 true
55 0 1616 0.000000 32 0.000000 0.000000 1615900610102 true
55 0 1606 0.000000 32 0.000000 0.000000 1615900610103 true
55 0 1597 0.000000 32 0.000000 0.000000 1615900610104 true
55 0 1578 0.000000 32 0.000000 0.000000 1615900610105 true
55 0 1563 0.000000 32 0.000000 0.000000 1615900610106 true
55 0 1557 0.000000 32 0.000000 0.000000 1615900610745 true
55 0 1568 0.000000 32 0.000000 0.000000 1615900610748 true
55 0 1569 0.000000 32 0.000000 0.000000 1615900610751 true
55 0 1552 0.000000 32 0.000000 0.000000 1615900610753 true
55 0 1561 0.000000 32 0.000000 0.000000 1615900610755 true
55 0 1568 0.000000 32 0.000000 0.000000 1615900610757 true
55 0 1564 0.000000 32 0.000000 0.000000 1615900610759 true
53 0 1564 0.000000 32 0.000000 0.000000 1615900611395 false
53 13 1564 0.000000 32 0.000000 0.000000 1615900611398 false
53 13 1556 0.000000 32 0.000000 0.000000 1615900611401 true
53 13 1548 0.000000 32 0.000000 0.000000 1615900611403 true
53 13 1546 0.000000 32 0.000000 0.000000 1615900611405 true
53 13 1546 0.000000 33 0.000000 0.000000 1615900611408 false
53 13 1534 0.000000 33 0.000000 0.000000 1615900611410 true
53 13 1552 0.000000 33 0.000000 0.000000 1615900611410 true
53 13 1553 0.000000 33 0.000000 0.000000 1615900611411 true
53 13 1560 0.000000 33 0.000000 0.000000 1615900611411 true
53 13 1550 0.000000 33 0.000000 0.000000 1615900612047 true
53 13 1546 0.000000 33 0.000000 0.000000 1615900612050 true
53 13 1553 0.000000 33 0.000000 0.000000 1615900612052 true
53 13 1550 0.000000 33 0.000000 0.000000 1615900612054 true
53 13 1556 0.000000 33 0.000000 0.000000 1615900612056 true
53 13 1554 0.000000 33 0.000000 0.000000 1615900612059 true
53 13 1554 0.000000 33 0.000000 0.000000 1615900612060 true
53 13 1552 0.000000 33 0.000000 0.000000 1615900613345 true
53 13 1554 0.000000 33 0.000000 0.000000 1615900613348 true
53 13 1549 0.000000 33 0.000000 0.000000 1615900613351 true
53 13 1544 0.000000 33 0.000000 0.000000 1615900613354 true
53 13 1537 0.000000 33 0.000000 0.000000 1615900613356 true
53 13 1536 0.000000 33 0.000000 0.000000 1615900613359 true
53 13 1539 0.000000 33 0.000000 0.000000 1615900613360 true
53 13 1551 0.000000 33 0.000000 0.000000 1615900613991 true
53 13 1551 0.000000 33 0.000000 0.000000 1615900613992 true
53 13 1538 0.000000 33 0.000000 0.000000 1615900613992 true
53 13 1550 0.000000 33 0.000000 0.000000 1615900613992 true
53 13 1561 0.000000 33 0.000000 0.000000 1615900613993 true
53 13 1572 0.000000 33 0.000000 0.000000 1615900613993 true
53 13 1607 0.000000 33 0.000000 0.000000 1615900613994 true
41 13 1607 0.000000 33 0.000000 0.000000 1615900613994 false
41 111 1607 0.000000 33 0.000000 0.000000 1615900613995 false
41 111 1628 0.000000 33 0.000000 0.000000 1615900614645 true
41 111 1665 0.000000 33 0.000000 0.000000 1615900614648 true
41 111 1703 0.000000 33 0.000000 0.000000 1615900614650 true
41 111 1696 0.000000 33 0.000000 0.000000 1615900614653 true
41 111 1680 0.000000 33 0.000000 0.000000 1615900614655 true
41 111 1639 0.000000 33 0.000000 0.000000 1615900614656 true
41 111 1639 0.000000 35 0.000000 0.000000 1615900614659 false
41 111 1590 0.000000 35 0.000000 0.000000 1615900614660 true
41 111 1537 0.000000 35 0.000000 0.000000 1615900615295 true
41 111 1485 0.000000 35 0.000000 0.000000 1615900615298 true
41 111 1500 0.000000 35 0.000000 0.000000 1615900615301 true
41 111 1496 0.000000 35 0.000000 0.000000 1615900615303 true
41 111 1482 0.000000 35 0.000000 0.000000 1615900615306 true
41 111 1473 0.000000 35 0.000000 0.000000 1615900615309 true
41 111 1463 0.000000 35 0.000000 0.000000 1615900615310 true
